||                                  Result                                 ||
-----------------------------------------------------------------------------
|| ANN || Neurons: 34 Layers: 2 Epochs: 200 Learning Rate: 3.25 Momentum: 1.25

Correctly Classified Instances       17557               87.785  %
Incorrectly Classified Instances      2443               12.215  %
Kappa statistic                          0.873 
Mean absolute error                      0.0109
Root mean squared error                  0.0902
Relative absolute error                 14.7483 %
Root relative squared error             46.8965 %
Total Number of Instances            20000     

Confusion Matrix
   a   b   c   d   e   f   g   h   i   j   k   l   m   n   o   p   q   r   s   t   u   v   w   x   y   z   <-- classified as
 664   1   0   2   7   6  12   0   1   0   6   3  11   8   5   5   1   2   0  25   4   6   2   6   5  14 |   a = T
   6 627   7   2   1  23   6   4  13   0   9   0   1   5   4   0   0   8  19   7   0   4   2   0   1   6 |   b = I
   0   0 722   5   1   2   7   4   2   2   2   9  11   1   0  17   0   0   5   2   0   1   2   6   4   0 |   c = D
   0   1  13 712   1   0   3   2   0   4   4  11  11   0   0   8   4   0   0   0   0   1   0   7   1   0 |   d = N
   0   0   9   4 639  11  10   6   6   1   5   9   3   3   7   0   6   3   6  12   0   2  17   1   6   7 |   e = G
   3   2   5   0   0 653  12   5   4   0   5   5   4   4   2   3   0   7   4  12   0   2   4   0   3   9 |   f = S
   0   0   9   3   6   7 702   0   0   0   2   3  13   0   0   4   1   0   1   8   0   1   0   1   3   2 |   g = B
   0   2   2   6   1   4   2 722   2   6   0   0   1   3   3   2   4   0   2   1   1  11   4   3   0   7 |   h = A
   1   4   5   4   0  17   3   9 611   1  15   6   6   7   0   3   0  13  12   6   0   2   6   4   1  11 |   i = J
   0   0   2   8   5   0   6   1   0 741   0   1   4   0   0   4   9   0   0   4   1   0   1   4   1   0 |   j = M
   2   1   2   0   2   3   2   0   1   0 742   0   1   2   1   1   0   2   0   6   0   2   4   0  13   0 |   k = X
   0   1  13   4   2   2   0   2   1   6   4 641   6   0   0   7  19   1   3   0   2   0  26   9   4   0 |   l = O
   0   0  11  15   5   0  17   2   0   0   1   4 664   0   1   6   1   0   1   6   0   0   1   0  23   0 |   m = R
  15   1   2   1   5  19  19   0   5   0   9   0   3 629   0   1   1   0  22  19   1   2   6   0   2  13 |   n = F
   0   0   0   1  18   1   0   6   0   1   0   8   5   0 613  15   2   5   0  31   0   0   5   9  16   0 |   o = C
   0   0  17   8   7   1  14   7   0   2   5   6  26   3   0 561   1   1   6   0   1  12   4  12  38   2 |   p = H
   0   0   0  11   5   0   3   2   0   8   0   8   4   0   0   4 695   0   2   0   1   1   0   5   3   0 |   q = W
   0   0   0   1  17   8   5   4   5   1  15   0  19   0   2   2   0 645   0  16   0   5   4   5   5   2 |   r = L
   0   0   2   0  10   2   5   0   0   0   0   5   2  26   0   1   0   0 719  11   0   5  11   2   1   1 |   s = P
   0   1   0   0  18   8   5   0   1   0   8   0   2   1   3   1   0   0   0 690   0   0   8   0  13   9 |   t = E
   0   1   1   6   8   2  10   1   0   1   0   2   3   1   0   3  15   0   6   4 683  11   6   0   0   0 |   u = V
   9   0   1   0   0   3   3   0   0   0   1   1   0   3   0   1   2   0   6   1   9 739   5   2   0   0 |   v = Y
   0   1  10   0  10  26  12   4   2   0   1  20   4   0   2   0   1   8   1  16   1   5 635   1   4  19 |   w = Q
   0   0   3   4   0   0   1   3   1   6   0   4   0   5   3   5   9   0   0   0   1   0   0 766   2   0 |   x = U
   0   1   2   4   3   0   5   3   0   1  11   0  19   0   1  10   0   0   1   3   0   0   1   2 672   0 |   y = K
   3   3   2   0   0  15   1   1   3   0   7   1   2   1   0   1   0   6   2  10   0   0   6   0   0 670 |   z = Z

-----------------------------------------------------------------------------
||                                  Result                                 ||
-----------------------------------------------------------------------------
|| ANN || Neurons: 33 Layers: 2 Epochs: 400 Learning Rate: 1.75 Momentum: 2.75

Correctly Classified Instances       17580               87.9    %
Incorrectly Classified Instances      2420               12.1    %
Kappa statistic                          0.8742
Mean absolute error                      0.0105
Root mean squared error                  0.09  
Relative absolute error                 14.2589 %
Root relative squared error             46.7863 %
Total Number of Instances            20000     

Confusion Matrix
   a   b   c   d   e   f   g   h   i   j   k   l   m   n   o   p   q   r   s   t   u   v   w   x   y   z   <-- classified as
 655   3   3   2   6  10   8   0   0   0  14   5   5   6   0   9   0   0   0  14   6  16   7   2  13  12 |   a = T
   0 674   5   0   0  15   1   1  14   0   6   1   0  14   2   0   0   1   3   6   0   5   1   0   0   6 |   b = I
   0   2 721   6   0   4  10   1   0   6   7  13   5   1   0  18   0   1   1   0   1   1   1   5   1   0 |   c = D
   0   1  19 702   1   1   2   0   0   7   1  12  11   1   0   7   4   0   0   0   1   2   1   8   2   0 |   d = N
   0   6  11   0 622  11   7   3   5   1   1   9   8   3  19   7   2   3   7  10   5   3  18   4   6   2 |   e = G
   3   6   8   1   1 628  23   6   6   0   5   5   5   6   2   3   0  10   3  10   0   4   4   1   3   5 |   f = S
   1   0  11   1   2  16 693   0   0   0   5   1  12   3   0   6   0   0   0   4   2   0   3   1   4   1 |   g = B
   0   0   1   2   0  10   0 722   6   4   1   2   2   1   1   4   6   2   2   0   0   9   2   5   3   4 |   h = A
   1  18   1   3   0  17   2   6 648   0   5   5   2  12   0   4   0   0   3   1   0   0   0   2   0  17 |   i = J
   0   0   2   5  10   1   5   5   0 747   0   0   5   0   0   4   2   0   0   2   1   0   2   1   0   0 |   j = M
   0   3   6   0   0   3   3   0   1   0 743   1   3   2   0   0   0   0   0   4   0   4   2   1  10   1 |   k = X
   0   0   9   4  11   0   1   4   1   4   2 628  10   1   2   8  20   2   4   0   2   0  25  14   1   0 |   l = O
   0   0   6  12   4   0  21   4   0   0   6   2 664   1   2  10   0   1   0   3   0   0   3   0  19   0 |   m = R
  10  11   4   4   4  16  18   1   1   0   2   1   5 649   8   4   1   1  14  11   1   6   0   0   0   3 |   n = F
   0   1   0   2  25   5   0   0   0   5   1   8   5   1 626   7   3   0   0  10   0   0   5  12  20   0 |   o = C
   0   1  18   3   6   1  20   8   7   3   3   8  31   5   3 561   0   1   7   1   4   7   6   5  23   2 |   p = H
   0   0   0   7   4   0   6   1   0  12   0   1   8   1   0   3 691   0   1   1   5   4   1   4   2   0 |   q = W
   0   2   1   6   8   9   7   1   0   0  13   0   9   1   6   5   0 645   0  19   0   4   4   2  16   3 |   r = L
   1   2   4   0  10   4   8   1   1   0   1   3  11  17   1   1   0   0 722   2   0   8   5   0   1   0 |   s = P
   1   2   1   0  12   4   6   0   0   0   7   1   4   2   4   3   0   0   0 688   0   3  15   1   7   7 |   t = E
   0   0   4   4   7   0  14   1   0   0   0   0   4   1   0   6  23   0   1   3 669  20   5   1   1   0 |   u = V
   6   0   2   0   1   3   0   1   0   0   1   0   0   3   0   1   0   0   2   0  10 742   7   5   0   2 |   v = Y
   0   3  11   0   9  16  12  10   3   0   0  15   3   0   2   1   0   6   4   9   1   2 658   0   3  15 |   w = Q
   0   0   1   1   2   0   2   6   0  10   0   2   3   0   3   6  10   1   0   1   0   2   1 758   4   0 |   x = U
   0   0   3   1   3   1   2   1   0   3  17   0  20   1   6  20   0   0   0   3   0   0   0   1 657   0 |   y = K
   1   4   2   0   0  24   0   3   5   0   1   0   1   6   2   0   0   2   0  11   0   1   4   0   0 667 |   z = Z

-----------------------------------------------------------------------------
||                                  Result                                 ||
-----------------------------------------------------------------------------
|| ANN || Neurons: 16 Layers: 2 Epochs: 1000 Learning Rate: 1.0 Momentum: 2.25

Correctly Classified Instances       15309               76.545  %
Incorrectly Classified Instances      4691               23.455  %
Kappa statistic                          0.7561
Mean absolute error                      0.0193
Root mean squared error                  0.1265
Relative absolute error                 26.0528 %
Root relative squared error             65.8035 %
Total Number of Instances            20000     

Confusion Matrix
   a   b   c   d   e   f   g   h   i   j   k   l   m   n   o   p   q   r   s   t   u   v   w   x   y   z   <-- classified as
 625   1   1   0  11   9  22   0   1   0  20   1   7  29   0  16   2   2   1  11   2  11   6   0   6  12 |   a = T
   3 597   4   5   5  18   8   2  27   0  16   1   3  13   3   0   0   0  21   6   0  11   2   0   0  10 |   b = I
   0   1 615   9   2   1  29   5   1   0  20  11  35   6   0  36   2   2  13   2   1   1   0   2   4   7 |   c = D
   0   0  23 638   2   0   4   2   1  14   1   8  20   2   0  11  23   0   9   1   0   9   0   9   6   0 |   d = N
   0   5   5   1 545  10  26   6   3   4  16   8  28   1  18   4  14   7  17   5   1   7  20   0  18   4 |   e = G
   3  11   8   0  33 423  56   3   8   0  20   5  24  11   7   8   1  12   9  30   1   5   9   1   3  57 |   f = S
   0   1  37   0  21   7 576   6   1   0   4   3  50  12   0   9   9   0   3   9   0   7   4   0   7   0 |   g = B
   0   3   8   1   8   2   0 708   1  11   1   2   5   0   1   1   5   1   2   0   3   9   4   5   3   5 |   h = A
   0  10  21   1   2  13   9   2 580   3  13   4   6   8   3   6   1   0  25  16   0   6   5   4   2   7 |   i = J
   0   0   6   7   9   0   4   7   0 719   1   0   4   0   1   1  17   0   4   0   0   1   5   2   4   0 |   j = M
   1   1  11   2   8   2   8   4   0   0 602  20  21   3   1   5   0   3   4  17   0   9  11   2  38  14 |   k = X
   0   1  28   8   8   1   6   8   1   7   2 535  27   3   5  22  17   2  11   0   4   1  35  12   8   1 |   l = O
   0   0  24   4  15   1  69   5   2   2   7   1 565   2   1  18  13   2   4   4   0   4   6   0   8   1 |   m = R
  22   4  15   1  14  13  17   3   1   2  15   0   7 562   5   7   3   0  43   9   2  11   7   1   3   8 |   n = F
   3   4   3   0  30   6   2   2   0  11   2  19   3   4 559  12   3   1   2  17   1   2   6  10  26   8 |   o = C
   1   0  41  11  15   0  18   6   0   3   8  24  67   5   2 437   9   0   6   5   5  15  12   6  37   1 |   p = H
   0   1   7   6  10   0   8   8   0  19   0   0   5   0   1   1 672   0   6   1   3   1   1   2   0   0 |   q = W
   0   5   5   0  21   5  19   3   1   1  21   0  10   2  13   2   5 592   0  14   0   9   5   0  20   8 |   r = L
   2   2  13   0  10   2  22   1   0   1   3   7   3  43   0   2   2   0 655   0   0  16  11   0   5   3 |   s = P
   0   1   1   0  44  20  26   0   1   0  13   0   6   6  16  14   0   0   4 525   1   2  26   1  31  30 |   t = E
   6   0   7   1   8   0   5   4   0   1   1   1  10   6   4   2  23   0  12   0 640  19   8   2   4   0 |   u = V
  45   2   7   2   3   2   4   8   0   2  11   1   0  21   1   1   3   2  11   0  41 605   7   3   1   3 |   v = Y
   0   3   6   1  39  14  27   6   0   1   1  41  12   4   4  11   3   3   6   9   5   4 558   2   5  18 |   w = Q
   1   0  15  14   2   0   1   9   0  12   5  19   3   1   4  21  14   1   1   0   1   3   5 672   9   0 |   x = U
   0   0   8   6  17   0  45   4   0   3  34   1  46   1   1  25   3   0   0  14   3   1   1   6 519   1 |   y = K
   1   4   7   0   4  38   6   7   4   0  15   1  10   5   7   0   0   4   1  25   0   3   6   0   1 585 |   z = Z

-----------------------------------------------------------------------------
||                                  Result                                 ||
-----------------------------------------------------------------------------
|| ANN || Neurons: 16 Layers: 2 Epochs: 1000 Learning Rate: 1.0 Momentum: 1.25

Correctly Classified Instances       15309               76.545  %
Incorrectly Classified Instances      4691               23.455  %
Kappa statistic                          0.7561
Mean absolute error                      0.0193
Root mean squared error                  0.1265
Relative absolute error                 26.0528 %
Root relative squared error             65.8035 %
Total Number of Instances            20000     

Confusion Matrix
   a   b   c   d   e   f   g   h   i   j   k   l   m   n   o   p   q   r   s   t   u   v   w   x   y   z   <-- classified as
 625   1   1   0  11   9  22   0   1   0  20   1   7  29   0  16   2   2   1  11   2  11   6   0   6  12 |   a = T
   3 597   4   5   5  18   8   2  27   0  16   1   3  13   3   0   0   0  21   6   0  11   2   0   0  10 |   b = I
   0   1 615   9   2   1  29   5   1   0  20  11  35   6   0  36   2   2  13   2   1   1   0   2   4   7 |   c = D
   0   0  23 638   2   0   4   2   1  14   1   8  20   2   0  11  23   0   9   1   0   9   0   9   6   0 |   d = N
   0   5   5   1 545  10  26   6   3   4  16   8  28   1  18   4  14   7  17   5   1   7  20   0  18   4 |   e = G
   3  11   8   0  33 423  56   3   8   0  20   5  24  11   7   8   1  12   9  30   1   5   9   1   3  57 |   f = S
   0   1  37   0  21   7 576   6   1   0   4   3  50  12   0   9   9   0   3   9   0   7   4   0   7   0 |   g = B
   0   3   8   1   8   2   0 708   1  11   1   2   5   0   1   1   5   1   2   0   3   9   4   5   3   5 |   h = A
   0  10  21   1   2  13   9   2 580   3  13   4   6   8   3   6   1   0  25  16   0   6   5   4   2   7 |   i = J
   0   0   6   7   9   0   4   7   0 719   1   0   4   0   1   1  17   0   4   0   0   1   5   2   4   0 |   j = M
   1   1  11   2   8   2   8   4   0   0 602  20  21   3   1   5   0   3   4  17   0   9  11   2  38  14 |   k = X
   0   1  28   8   8   1   6   8   1   7   2 535  27   3   5  22  17   2  11   0   4   1  35  12   8   1 |   l = O
   0   0  24   4  15   1  69   5   2   2   7   1 565   2   1  18  13   2   4   4   0   4   6   0   8   1 |   m = R
  22   4  15   1  14  13  17   3   1   2  15   0   7 562   5   7   3   0  43   9   2  11   7   1   3   8 |   n = F
   3   4   3   0  30   6   2   2   0  11   2  19   3   4 559  12   3   1   2  17   1   2   6  10  26   8 |   o = C
   1   0  41  11  15   0  18   6   0   3   8  24  67   5   2 437   9   0   6   5   5  15  12   6  37   1 |   p = H
   0   1   7   6  10   0   8   8   0  19   0   0   5   0   1   1 672   0   6   1   3   1   1   2   0   0 |   q = W
   0   5   5   0  21   5  19   3   1   1  21   0  10   2  13   2   5 592   0  14   0   9   5   0  20   8 |   r = L
   2   2  13   0  10   2  22   1   0   1   3   7   3  43   0   2   2   0 655   0   0  16  11   0   5   3 |   s = P
   0   1   1   0  44  20  26   0   1   0  13   0   6   6  16  14   0   0   4 525   1   2  26   1  31  30 |   t = E
   6   0   7   1   8   0   5   4   0   1   1   1  10   6   4   2  23   0  12   0 640  19   8   2   4   0 |   u = V
  45   2   7   2   3   2   4   8   0   2  11   1   0  21   1   1   3   2  11   0  41 605   7   3   1   3 |   v = Y
   0   3   6   1  39  14  27   6   0   1   1  41  12   4   4  11   3   3   6   9   5   4 558   2   5  18 |   w = Q
   1   0  15  14   2   0   1   9   0  12   5  19   3   1   4  21  14   1   1   0   1   3   5 672   9   0 |   x = U
   0   0   8   6  17   0  45   4   0   3  34   1  46   1   1  25   3   0   0  14   3   1   1   6 519   1 |   y = K
   1   4   7   0   4  38   6   7   4   0  15   1  10   5   7   0   0   4   1  25   0   3   6   0   1 585 |   z = Z

-----------------------------------------------------------------------------
||                                  Result                                 ||
-----------------------------------------------------------------------------
|| ANN || Neurons: 16 Layers: 2 Epochs: 1600 Learning Rate: 3.25 Momentum: 2.0

Correctly Classified Instances       16086               80.43   %
Incorrectly Classified Instances      3914               19.57   %
Kappa statistic                          0.7965
Mean absolute error                      0.0171
Root mean squared error                  0.1135
Relative absolute error                 23.0757 %
Root relative squared error             59.0026 %
Total Number of Instances            20000     

Confusion Matrix
   a   b   c   d   e   f   g   h   i   j   k   l   m   n   o   p   q   r   s   t   u   v   w   x   y   z   <-- classified as
 631   4   6   0   6   9  16   0   1   0  13   3   7  10   0  10   6   0   0  23   8  25   5   1   4   8 |   a = T
   2 598   4   0   2  29   6   2   9   0  18   5   1  16   3   1   0   9  14   8   0   2   8   1   1  16 |   b = I
   2   0 661  11   2   4  21   3   2   6   5  10  17   7   1  26   1   0   8   0   0   1   3   3   7   4 |   c = D
   2   0  14 664   0   0   7   7   0  19   0   9   6   9   2  21  10   1   0   1   0   2   0   6   2   1 |   d = N
   0   6   9   1 570   6  11   5   3   1   4  11  25   6   7  10   9   6   1  26   2   0  33   3  11   7 |   e = G
   2   7  13   0   9 513  43   6   6   0  21   7   5   9   5   0   0  21   4  34   2   3   6   0   3  29 |   f = S
   0   0  15   0   4  22 622   3   0   0   9   1  33   5   0  11   0   1   3  21   0   2   6   1   5   2 |   g = B
   4   0   8   7   0   7   7 684   6   8   6   2   5   0   0   2   4   2   2   0   0   4  12   9   5   5 |   h = A
   5  16  15   2   0  10   4   5 581   1  11   9   2  20   1   7   0  17   8   5   0   1   3   0   1  23 |   i = J
   0   0   4  16   4   0  10   3   1 718   1   1   3   1   1  10   8   0   0   0   0   0   2   6   3   0 |   j = M
   3   3   6   0   4   9  10   2   0   0 659   1   0   5   1   1   0   5   0  18   0   3   7   4  30  16 |   k = X
   1   0  18   5  12   1   7   3   0   7   3 601  14   0   3  20  15   4   6   0   6   0  20   4   3   0 |   l = O
   0   0  20   4   7   0  47   3   0   3   4  10 577   5   1  30   1   8   1   8   0   2   7   0  20   0 |   m = R
  20   7   8   3   4  15  16   0   0   1  16   0   3 590   4   7   4   9  23  23   1   8   3   0   2   8 |   n = F
   2   2   4   3  43   5   0   6   1   5   2  15   3   9 544   9   8   0   1  31   0   2   7  10  24   0 |   o = C
   0   1  35  11   8   0  25   4   2   5  10  17  34   8   0 491   1   2   5   4   0  10   5  17  37   2 |   p = H
   0   0   5  13   6   0   1   2   0  16   0   6   8   1   0  11 669   0   2   1   5   0   2   3   1   0 |   q = W
   0   2   2   2  16   5  18   2   1   0  23   0   4   5   2   7   6 629   0  14   0   1  11   3   6   2 |   r = L
   0   1   7   3  18   1   6   0   2   0   1   7   3  40   0   2   5   3 680   2   1  10   9   0   2   0 |   s = P
   3   8   0   0  32  18   8   1   0   0  19   3   6   4   6   3   2   9   0 590   0   0  11   0  15  30 |   t = E
   4   0   4   5   5   0  19   3   0   2   0   0   2   4   0   5  12   2   6   2 664  14   6   2   3   0 |   u = V
  14   2   5   2   1   4   5   1   0   0   7   4   0  14   0   3   4   2   9   1  17 673   9   6   1   2 |   v = Y
   0   0   3   1  47   5  10   7   0   0   6  34  13   3   0   3   2  12   5  26   4   1 581   1  10   9 |   w = Q
   1   3   5  10   4   0   1   4   1  14   2  15   1   0   1  18  11   3   1   2   2   0  13 693   7   1 |   x = U
   1   0   5   5  11   2  13   4   2   1  26   4  38   0   6  19   4   4   0  15   0   0   0  11 568   0 |   y = K
   1   8   1   0   0  25  10   1   3   0  15   0   1   0   0   0   0   7   2  19   0   0   6   0   0 635 |   z = Z

-----------------------------------------------------------------------------
||                                  Result                                 ||
-----------------------------------------------------------------------------
|| ANN || Neurons: 32 Layers: 2 Epochs: 600 Learning Rate: 3.25 Momentum: 2.25

Correctly Classified Instances       17472               87.36   %
Incorrectly Classified Instances      2528               12.64   %
Kappa statistic                          0.8685
Mean absolute error                      0.0109
Root mean squared error                  0.0923
Relative absolute error                 14.6697 %
Root relative squared error             47.9974 %
Total Number of Instances            20000     

Confusion Matrix
   a   b   c   d   e   f   g   h   i   j   k   l   m   n   o   p   q   r   s   t   u   v   w   x   y   z   <-- classified as
 658   0   2   3  16   4   8   0   0   0  17   5   5  10   4   8   0   3   1  17   0  14   1   3   2  15 |   a = T
   0 683   5   0   1  11   6   1  12   0   9   1   2   4   3   0   0   0   5   2   0   5   0   0   1   4 |   b = I
   0   1 701   6   0   3  17   5   2   6  10  11   9   2   0  14   2   1   8   0   0   0   0   4   2   1 |   c = D
   0   0  10 700   1   1   3   2   0   6   0  13  14   5   0  12   1   1   4   0   1   1   0   3   5   0 |   d = N
   0   1  12   1 639   8   4  11   6   2   6   6   3   7  16   2   2   7   0  14   2   0  10   2   9   3 |   e = G
   1   3   2   0   1 641  21   3   2   0  12   0   5   3   4   1   0   6   3  19   0   3   3   0   1  14 |   f = S
   0   1   8   1   4  14 688   0   0   0   6   0  16   2   0   6   0   0   4   6   0   1   0   0   7   2 |   g = B
   2   2   3   6   0   0   6 723   1   5   1   1   1   1   4   0   1   2   3   0   3   5   2  11   1   5 |   h = A
   0  20   4   4   0  10   4   4 630   1  11   4   3  16   1   3   0   1   3   3   0   1   2   3   1  18 |   i = J
   0   0   4   8  11   0   5   1   0 742   0   2   2   0   0   3   5   0   1   1   1   0   2   2   2   0 |   j = M
   1   6   7   0   1   4   1   0   0   0 729   1   3   0   1   2   0   0   0   9   0   2   1   2  16   1 |   k = X
   1   0   4   2   7   1   2  10   6   2   2 625  15   0   6   6  14   5   7   0   8   0  17   9   4   0 |   l = O
   0   0   8  10   4   1  21   5   0   2   4   2 655   0   1  11   0   6   1   0   0   1   4   0  22   0 |   m = R
  10  15   1   1  10  11  11   0   3   0  11   0   2 646   2   1   1   0  17  17   1   9   1   0   1   4 |   n = F
   0   2   0   1  25   3   0   8   1   2   6  14   2   2 618   4   1   2   0  24   1   0   4   8   8   0 |   o = C
   1   2  15  14   9   0  15   4   5   2   5  10  35   6   0 554   1   2   5   2   3  10   4   4  21   5 |   p = H
   0   0   0   6   5   0   6   2   0  18   0   0   7   1   1   3 682   0   0   0  12   0   1   5   3   0 |   q = W
   0   3   0   1  13  15   5   2   0   0  14   3   8   0   6   3   0 660   1  21   0   1   2   1   2   0 |   r = L
   1   4   5   0  13   0   5   1   0   0   0   4   1  34   3   1   3   0 704   7   4   3   9   0   1   0 |   s = P
   1   2   0   0  21   9   5   0   0   0   6   0   3   2   8   1   0   0   0 687   0   0  12   0   3   8 |   t = E
   0   1   2   3  11   1  11   0   0   3   0   2   3   1   0   5   4   0   0   3 696  15   1   2   0   0 |   u = V
  15   1   2   0   0   0   2   1   2   2   3   0   0   5   1   0   3   1   6   0   8 724   7   2   0   1 |   v = Y
   0   5  11   0  14  12   7   8   0   0   9  20   3   2   2   1   2   8   0  13   2   4 637   0   8  15 |   w = Q
   0   2   2   7   1   0   1   7   1  14   0  10   1   0   3   6   7   0   0   0   3   3   0 743   2   0 |   x = U
   0   0   1   1   4   3   4   5   0   2  22   0  17   3   2  14   0   0   0   4   0   0   1   0 656   0 |   y = K
   1   3   4   0   0  20   3   6   7   1   9   0   3   2   0   0   0  10   2  10   0   0   2   0   0 651 |   z = Z

-----------------------------------------------------------------------------
||                                  Result                                 ||
-----------------------------------------------------------------------------
|| ANN || Neurons: 16 Layers: 2 Epochs: 1600 Learning Rate: 3.0 Momentum: 2.25

Correctly Classified Instances       16086               80.43   %
Incorrectly Classified Instances      3914               19.57   %
Kappa statistic                          0.7965
Mean absolute error                      0.0171
Root mean squared error                  0.1135
Relative absolute error                 23.0757 %
Root relative squared error             59.0026 %
Total Number of Instances            20000     

Confusion Matrix
   a   b   c   d   e   f   g   h   i   j   k   l   m   n   o   p   q   r   s   t   u   v   w   x   y   z   <-- classified as
 631   4   6   0   6   9  16   0   1   0  13   3   7  10   0  10   6   0   0  23   8  25   5   1   4   8 |   a = T
   2 598   4   0   2  29   6   2   9   0  18   5   1  16   3   1   0   9  14   8   0   2   8   1   1  16 |   b = I
   2   0 661  11   2   4  21   3   2   6   5  10  17   7   1  26   1   0   8   0   0   1   3   3   7   4 |   c = D
   2   0  14 664   0   0   7   7   0  19   0   9   6   9   2  21  10   1   0   1   0   2   0   6   2   1 |   d = N
   0   6   9   1 570   6  11   5   3   1   4  11  25   6   7  10   9   6   1  26   2   0  33   3  11   7 |   e = G
   2   7  13   0   9 513  43   6   6   0  21   7   5   9   5   0   0  21   4  34   2   3   6   0   3  29 |   f = S
   0   0  15   0   4  22 622   3   0   0   9   1  33   5   0  11   0   1   3  21   0   2   6   1   5   2 |   g = B
   4   0   8   7   0   7   7 684   6   8   6   2   5   0   0   2   4   2   2   0   0   4  12   9   5   5 |   h = A
   5  16  15   2   0  10   4   5 581   1  11   9   2  20   1   7   0  17   8   5   0   1   3   0   1  23 |   i = J
   0   0   4  16   4   0  10   3   1 718   1   1   3   1   1  10   8   0   0   0   0   0   2   6   3   0 |   j = M
   3   3   6   0   4   9  10   2   0   0 659   1   0   5   1   1   0   5   0  18   0   3   7   4  30  16 |   k = X
   1   0  18   5  12   1   7   3   0   7   3 601  14   0   3  20  15   4   6   0   6   0  20   4   3   0 |   l = O
   0   0  20   4   7   0  47   3   0   3   4  10 577   5   1  30   1   8   1   8   0   2   7   0  20   0 |   m = R
  20   7   8   3   4  15  16   0   0   1  16   0   3 590   4   7   4   9  23  23   1   8   3   0   2   8 |   n = F
   2   2   4   3  43   5   0   6   1   5   2  15   3   9 544   9   8   0   1  31   0   2   7  10  24   0 |   o = C
   0   1  35  11   8   0  25   4   2   5  10  17  34   8   0 491   1   2   5   4   0  10   5  17  37   2 |   p = H
   0   0   5  13   6   0   1   2   0  16   0   6   8   1   0  11 669   0   2   1   5   0   2   3   1   0 |   q = W
   0   2   2   2  16   5  18   2   1   0  23   0   4   5   2   7   6 629   0  14   0   1  11   3   6   2 |   r = L
   0   1   7   3  18   1   6   0   2   0   1   7   3  40   0   2   5   3 680   2   1  10   9   0   2   0 |   s = P
   3   8   0   0  32  18   8   1   0   0  19   3   6   4   6   3   2   9   0 590   0   0  11   0  15  30 |   t = E
   4   0   4   5   5   0  19   3   0   2   0   0   2   4   0   5  12   2   6   2 664  14   6   2   3   0 |   u = V
  14   2   5   2   1   4   5   1   0   0   7   4   0  14   0   3   4   2   9   1  17 673   9   6   1   2 |   v = Y
   0   0   3   1  47   5  10   7   0   0   6  34  13   3   0   3   2  12   5  26   4   1 581   1  10   9 |   w = Q
   1   3   5  10   4   0   1   4   1  14   2  15   1   0   1  18  11   3   1   2   2   0  13 693   7   1 |   x = U
   1   0   5   5  11   2  13   4   2   1  26   4  38   0   6  19   4   4   0  15   0   0   0  11 568   0 |   y = K
   1   8   1   0   0  25  10   1   3   0  15   0   1   0   0   0   0   7   2  19   0   0   6   0   0 635 |   z = Z

-----------------------------------------------------------------------------
||                                  Result                                 ||
-----------------------------------------------------------------------------
|| ANN || Neurons: 41 Layers: 2 Epochs: 1000 Learning Rate: 4.0 Momentum: 2.25

Correctly Classified Instances       18005               90.025  %
Incorrectly Classified Instances      1995                9.975  %
Kappa statistic                          0.8963
Mean absolute error                      0.0085
Root mean squared error                  0.0826
Relative absolute error                 11.4523 %
Root relative squared error             42.939  %
Total Number of Instances            20000     

Confusion Matrix
   a   b   c   d   e   f   g   h   i   j   k   l   m   n   o   p   q   r   s   t   u   v   w   x   y   z   <-- classified as
 680   2   4   3   9   3  10   0   1   0  11   4   7   7   6   5   0   1   0  17   0   8   6   2   3   7 |   a = T
   2 675   3   0   0  13   1   0  13   0  10   5   0  14   1   0   0   0   8   2   0   3   1   1   1   2 |   b = I
   0   1 732   7   0   4   7   0   3   2   3   7   4   2   0  16   1   2   2   0   0   0   4   5   3   0 |   c = D
   0   0   8 731   1   0   0   0   3   8   0   6  11   0   1   7   3   0   0   0   0   0   1   3   0   0 |   d = N
   0   3   7   0 689   2   4   0   0   1   1  13   4   2   9   5   2   2   2   8   0   3   9   3   3   1 |   e = G
   0   3   1   0   3 698  11   2   4   0   0   1   1   4   0   1   0   2   1   8   0   1   1   0   2   4 |   f = S
   0   2   7   3   1   9 705   1   1   0   2   1  22   1   0   2   0   0   0   2   0   2   0   2   3   0 |   g = B
   0   1   3   7   3   3   3 728   4   3   0   1   1   0   0   0   2   1   2   0   0   9   6   2   0  10 |   h = A
   3  12   3   5   0  12   3   1 632   0   8   2   2  15   0   6   0   0  10   3   1   2   1   3   0  23 |   i = J
   0   0   2  11  12   0   7   0   1 740   0   1   5   0   1   0   3   0   0   2   0   1   1   3   2   0 |   j = M
   3   0   1   0   0   3   1   0   3   0 744   1   2   5   1   0   0   0   0   6   1   1   1   2  12   0 |   k = X
   0   0  10   3   7   2   1   2   3   2   1 656   5   0   3   5  20   0   4   0   0   1  22   5   0   1 |   l = O
   0   0  11   5   7   5  18   2   1   0   3   2 671   0   0  11   1   0   1   1   0   0   5   1  13   0 |   m = R
   7   6   1   2   2   6   8   1   6   1   3   0   5 673  12   4   1   0  19  10   0   0   1   1   5   1 |   n = F
   0   0   1   0  13   1   1   3   0   0   3   6   5   0 652   5   1   5   0  17   0   0   5  11   7   0 |   o = C
   0   0  14   7  12   5  11   6   2   0   2   2  21   3   4 596   0   0   4   0   2   5   5   5  24   4 |   p = H
   0   0   1   9   6   0   5   1   0   8   0   0  10   0   1   3 693   0   0   1   0   1   0  10   3   0 |   q = W
   0   2   2   4  13  11   2   3   0   0  20   0  15   1   7   4   0 648   0   9   0   0   6   1   7   6 |   r = L
   0   0   1   0   7   1   4   3   3   0   0   1   6  25   0   0   1   0 728  13   0   2   8   0   0   0 |   s = P
   2   0   0   0  24   6   6   0   0   0   5   1   4   0   7   0   0   1   0 696   0   1   2   2   3   8 |   t = E
   1   0   1   5   7   0  17   0   0   0   0   1  10   0   0   2  11   0   2   1 690  10   1   4   1   0 |   u = V
  11   0   2   0   4   2   2   1   0   1   2   0   0   5   0   0   0   0   3   0   5 738   3   5   0   2 |   v = Y
   0   4   7   1  11   9  12   1   2   0   1  11   3   3   2   1   2   7   2  15   0   2 659   1   0  27 |   w = Q
   0   0   1   5   1   0   1   1   1   6   0   4   0   1   2   3   7   0   0   1   2   0   0 773   4   0 |   x = U
   0   0   3   0   1   0   0   1   1   1   8   0  16   0   0  12   0   0   1   1   0   0   0   5 689   0 |   y = K
   0   1   2   0   0  15   0   0   5   0   3   0   0   1   1   0   0   4   0   9   0   2   1   0   1 689 |   z = Z

-----------------------------------------------------------------------------
||                                  Result                                 ||
-----------------------------------------------------------------------------
|| ANN || Neurons: 38 Layers: 2 Epochs: 1800 Learning Rate: 1.75 Momentum: 2.75

Correctly Classified Instances       17647               88.235  %
Incorrectly Classified Instances      2353               11.765  %
Kappa statistic                          0.8776
Mean absolute error                      0.0098
Root mean squared error                  0.0905
Relative absolute error                 13.199  %
Root relative squared error             47.0495 %
Total Number of Instances            20000     

Confusion Matrix
   a   b   c   d   e   f   g   h   i   j   k   l   m   n   o   p   q   r   s   t   u   v   w   x   y   z   <-- classified as
 653   2   5   5  11   5   2   3   0   0   9   7   3  26   2   7   0   1   1  18   2  11   5   2   7   9 |   a = T
   2 657   5   2   0  16   0   1   4   0   4   0   1  28   4   1   0   3   8   0   0   8   6   1   0   4 |   b = I
   0   2 719   6   0   6   8   3   4   0   5   7   7   2   0  19   0   1   2   0   0   0   1   7   3   3 |   c = D
   0   1  18 710   1   0   2   2   1   6   0  12   9   2   0   8   3   1   0   0   1   0   0   4   2   0 |   d = N
   0   4   5   2 652   3   6   4   2   1   7  12   8   2  10   5   1   2   1  14   1   4  10   1   8   8 |   e = G
   2   3   3   0   2 655  15  11   3   0   3   1   4   4   3   0   0   5   0   9   0   0   6   0   2  17 |   f = S
   0   0  12   0   3   8 688   1   1   0   0   3  24   5   1   2   0   0   3   3   0   3   1   0   5   3 |   g = B
   0   2   1   7   0   4   0 729   1   2   0   1   0   2   0   2   5   2   4   0   2   8   2  11   1   3 |   h = A
   0  15   1   1   1  19   2   3 628   1   6   6   2  18   2   3   1   1   8   7   0   4   6   1   0  11 |   i = J
   0   0   2   3   6   0   9   2   1 744   0   3   3   2   0   1  10   0   1   1   1   0   0   2   1   0 |   j = M
   3   0   7   0   0   2   1   0   1   0 734   5   4   3   0   1   0   0   1   8   0   2   0   0  14   1 |   k = X
   0   0   6   1   3   1   1   1   4   2   0 681   5   0   3   8   4   0   2   0   0   1  25   3   2   0 |   l = O
   0   0   8   7   2   3  23   1   0   0   2   2 682   1   0   8   2   0   0   4   0   0   3   1   8   1 |   m = R
   5   1   2   2   2   9   7   1   3   0   3   2   6 673   1   2   0   1  22  17   2   5   2   0   1   6 |   n = F
   0   1   0  10  15   5   1   7   0   1   1  11   6   3 604  10   1   4   0  24   1   1   2   9  16   3 |   o = C
   0   0  17   7   5   5  18   2   1   1   0  12  29  12   6 562   1   0   4   4   2   9   4   8  22   3 |   p = H
   0   0   0   4   4   0   4   4   0  10   0  12   5   1   0   1 682   0   0   4   9   3   0   6   1   2 |   q = W
   0   3   1   9  12   5   8   7   0   1  11   2  13   1   2   5   0 642   0  17   1   2   6   1   8   4 |   r = L
   2   1   4   1   5   3   5   0   0   0   0   2   8  26   0   0   2   0 718   6   2   7   8   0   3   0 |   s = P
   0   0   1   0  15  11   8   0   0   0   1   0   3   4   0   3   0   1   0 693   0   1   6   1   8  12 |   t = E
   2   0   2   4   6   0  17   3   0   2   0   2   5   2   2   1  10   0   0   2 662  34   2   3   3   0 |   u = V
   8   0   1   1   0   1   3   0   0   0   3   0   0   6   0   0   3   0   1   0   4 748   5   2   0   0 |   v = Y
   7   2   8   0  11   5   8   4   1   0   2  16   4   8   0   0   2  10   2  14   2   7 644   3   2  21 |   w = Q
   0   0   0  10   2   0   3   1   1   7   1   4   3   1   2   5  10   0   0   1   0   2   3 753   4   0 |   x = U
   0   0   2   2   1   3   4   1   1   1  24   0  28   1   0  20   1   2   0   7   0   0   0   0 639   2 |   y = K
   2   2   1   0   0  11   1   1   1   0   3   0   0   1   1   0   0   0   1  11   0   1   2   0   0 695 |   z = Z

-----------------------------------------------------------------------------
