||                                  Result                                 ||
-----------------------------------------------------------------------------
|| ANN || Neurons: 32 Layers: 2 Epochs: 200 Learning Rate: 2.75 Momentum: 2.75

Correctly Classified Instances       17534               87.67   %
Incorrectly Classified Instances      2466               12.33   %
Kappa statistic                          0.8718
Mean absolute error                      0.011 
Root mean squared error                  0.0899
Relative absolute error                 14.8513 %
Root relative squared error             46.7679 %
Total Number of Instances            20000     

Confusion Matrix
   a   b   c   d   e   f   g   h   i   j   k   l   m   n   o   p   q   r   s   t   u   v   w   x   y   z   <-- classified as
 650   0   4   3  15   5   6   0   0   1   8   3   7  15   1   8   0   4   0  16   1  18   3   6   4  18 |   a = T
   0 677   4   0   2   9   4   0  16   0  10   1   3   8   2   0   0   0   3   5   0   1   5   1   1   3 |   b = I
   0   1 707   6   0   5  11   4   3   4   5   8  19   0   0  19   0   0   3   0   0   1   0   6   3   0 |   c = D
   1   0   8 698   0   2   4   3   1   7   0  14  19   2   0   8   4   0   0   0   2   2   0   5   3   0 |   d = N
   0   3  12   1 637  11   3  12   6   1   7   7   3   4  15   2   1   4   1   9   5   3  16   1   6   3 |   e = G
   0   3   5   0   0 647  11   3  10   0   7   0   3   4   2   0   0   8   0  24   2   3   6   0   3   7 |   f = S
   0   4   9   2   4  16 674   0   0   0   3   0  28   2   0   1   0   0   3   7   0   5   2   0   4   2 |   g = B
   1   1   2   5   1   1   3 721   6   3   0   0   3   0   2   0   1   1   4   0   3  13   1  12   2   3 |   h = A
   0  15   3   3   0   5   3   6 644   1   7   4   3  17   2   3   0   1   3   5   1   0   3   2   1  15 |   i = J
   0   0   0   4  14   1   6   2   0 742   0   1   2   1   1   3   6   0   0   0   1   1   4   2   1   0 |   j = M
   3   5  10   0   2   5   1   1   5   0 722   1   1   0   0   3   0   0   0   6   0   4   2   1  14   1 |   k = X
   0   0   8   3  12   0   3  15   4   4   5 616   9   0   2   6  16   3   2   1   9   0  25   8   2   0 |   l = O
   0   0   8   8   4   5  14   2   0   0   4   0 684   1   2   8   1   4   1   0   0   1   2   1   8   0 |   m = R
  13  11   1   2   7  14  14   0   3   0   5   0   3 636   1   0   3   0  25  23   0   8   3   0   0   3 |   n = F
   1   1   0   3  24   4   0   1   1   2   6  12   5   2 621   4   2   3   0  20   0   0   3  10  11   0 |   o = C
   1   2  20  10   6   1  14   6   4   1   6   4  32   5   1 557   0   0   6   3   6   9   9   5  25   1 |   p = H
   0   1   0   7   7   0   6   8   0   4   0   1   6   0   0   4 687   0   0   0   7   0   1   7   6   0 |   q = W
   0   0   0   1  17   9   6   0   2   1  12   2   6   2   8   2   0 664   0  17   1   0   6   1   2   2 |   r = L
   0   5   0   0  12   2   6   1   0   0   0   3   5  25   2   2   1   0 721   4   2   4   7   0   1   0 |   s = P
   0   0   0   0  24  11   2   0   0   0   5   0   2   0   6   1   0   3   0 689   0   2   9   0   4  10 |   t = E
   0   0   3   2   7   1  13   0   0   1   0   1   6   0   0   3   4   1   0   4 709   8   1   0   0   0 |   u = V
  23   0   0   1   0   0   1   1   0   2   3   0   0   8   0   0   0   0   6   0   8 721   7   4   0   1 |   v = Y
   0   3  10   0   8  11   2  16   4   0   7  12   4   1   2   0   2   0   1  11   0   5 653   0   4  27 |   w = Q
   0   1   2   7   2   0   0   6   0  13   0   3   2   2   5   6   5   0   0   0   5   2   1 747   4   0 |   x = U
   0   0   4   5   3   1   2   5   0   1  16   0  26   1   3  12   0   1   0   3   0   0   0   1 654   1 |   y = K
   1   1   7   0   0  16   4   7  11   1   9   0   1   1   0   0   0   8   0   8   0   2   1   0   0 656 |   z = Z

-----------------------------------------------------------------------------
||                                  Result                                 ||
-----------------------------------------------------------------------------
|| ANN || Neurons: 33 Layers: 2 Epochs: 200 Learning Rate: 4.0 Momentum: 1.25

Correctly Classified Instances       17572               87.86   %
Incorrectly Classified Instances      2428               12.14   %
Kappa statistic                          0.8737
Mean absolute error                      0.0109
Root mean squared error                  0.0893
Relative absolute error                 14.688  %
Root relative squared error             46.4429 %
Total Number of Instances            20000     

Confusion Matrix
   a   b   c   d   e   f   g   h   i   j   k   l   m   n   o   p   q   r   s   t   u   v   w   x   y   z   <-- classified as
 658   3   2   5  11   5  11   0   1   1  10   2   6  12   1   9   0   1   0  20   2  16   3   1   9   7 |   a = T
   2 669   5   0   0  20   1   2  15   0  14   2   0   8   2   0   0   0   5   3   1   3   2   0   0   1 |   b = I
   0   0 724   9   0   4  18   0   0   2   5   9   2   2   0  21   0   1   2   0   0   0   1   4   0   1 |   c = D
   0   0  13 711   1   0   6   1   0   8   1  13   9   2   0   8   2   0   0   0   0   0   0   6   2   0 |   d = N
   0   9   6   2 617  13  17   6   3   1   0   8   6   4   7   2   2   1   5  11   8   3  23   5  13   1 |   e = G
   0   4   4   0   2 629  25   8   4   0   4   4   6   2   1   2   0   9   3  16   1   2   4   1   5  12 |   f = S
   0   0   5   2   1  12 717   0   0   0   3   0  13   0   0   3   0   0   0   5   1   0   2   0   2   0 |   g = B
   0   0   1   2   0   9   1 718   8   6   0   0   1   1   0   3   5   2   1   0   0  10   4   6   3   8 |   h = A
   1  11   4   4   0  17   3   2 656   0   5   4   2   7   0   4   0   0   5   3   0   2   3   1   0  13 |   i = J
   0   0   1   5  10   0   7   5   0 746   0   2   5   0   0   1   5   0   1   2   0   0   0   1   1   0 |   j = M
   0   1   3   0   0   2   2   0   1   0 757   1   0   1   0   1   0   0   0   4   0   3   2   1   5   3 |   k = X
   0   0  12   0  10   1   0   5   4   6   1 629   9   0   4   6  21   1   1   1   0   0  28  12   2   0 |   l = O
   0   0   5   8   1   1  36   7   0   0   9   2 646   1   2   7   0   1   1   2   0   2   4   0  23   0 |   m = R
   8   9   4   1   0  15  17   0   2   0   8   1   5 645   6   4   2   0  24  15   1   3   0   0   1   4 |   n = F
   1   1   0   3  30   3   1   1   0   3   1  12   2   0 608   5   3   1   0  16   0   0   5  13  26   1 |   o = C
   0   3  23   6   8   2  26   4   4   1   5   5  36   3   0 557   1   2   3   0   0   8   5   6  24   2 |   p = H
   0   0   0   8   4   0   8   2   0   8   0   2  10   1   0   1 692   0   2   0   1   3   2   5   3   0 |   q = W
   0   3   0   5  10   7   9   3   0   0  18   2   7   5   3   1   0 645   2  17   0   4   5   1  11   3 |   r = L
   0   1   2   0   8   3   8   0   0   0   0   6   6  17   1   2   2   0 736   4   0   2   4   0   1   0 |   s = P
   0   0   1   0  10   6  10   1   0   0  13   0   3   3   5   4   0   0   0 678   0   1  15   0   9   9 |   t = E
   1   0   2   2   6   0  23   2   0   0   0   0   5   0   0   5  16   0   1   2 664  25   8   2   0   0 |   u = V
   6   1   2   0   0   1   1   1   0   0   3   0   0   5   0   0   2   0   4   0   5 741   8   5   0   1 |   v = Y
   0   5   4   0   7  13  14  11   3   0   1  15   2   0   2   1   0   2   3   6   0   2 666   1   2  23 |   w = Q
   0   0   1   2   1   0   3   6   0   7   0   6   2   1   1  12  14   1   0   0   0   1   3 751   1   0 |   x = U
   0   0   4   0   1   3   5   1   0   2  33   1  16   1   4  20   0   1   0   8   0   0   0   1 638   0 |   y = K
   1   3   1   0   0  26   0   5   4   0   3   0   0   6   0   0   0   2   0   4   0   3   2   0   0 674 |   z = Z

-----------------------------------------------------------------------------
||                                  Result                                 ||
-----------------------------------------------------------------------------
|| ANN || Neurons: 38 Layers: 2 Epochs: 200 Learning Rate: 3.25 Momentum: 2.25

Correctly Classified Instances       17798               88.99   %
Incorrectly Classified Instances      2202               11.01   %
Kappa statistic                          0.8855
Mean absolute error                      0.0098
Root mean squared error                  0.0853
Relative absolute error                 13.1907 %
Root relative squared error             44.3819 %
Total Number of Instances            20000     

Confusion Matrix
   a   b   c   d   e   f   g   h   i   j   k   l   m   n   o   p   q   r   s   t   u   v   w   x   y   z   <-- classified as
 669   1   2   2  12   2  10   1   0   0  11   7   7  12   1   6   1   1   0  19   2   9   4   3   7   7 |   a = T
   4 661   7   1   0  10   3   1   4   0   7   1   0  20   2   1   0   4  12   3   0   5   5   0   0   4 |   b = I
   0   1 727   8   0   2  12   2   1   1   4   9   6   2   0  18   0   2   0   0   0   0   2   4   3   1 |   c = D
   0   1  14 701   2   0   1   1   0   8   0  13  14   3   0  13   5   0   2   0   0   0   0   3   2   0 |   d = N
   0   2   6   2 668  10   6   3   2   1   3  16   6   3   5   2   1   5   3   9   1   1   6   3   3   6 |   e = G
   1   1   3   0   0 663  18   8   4   0   2   2   4  10   0   1   0   9   0   9   0   2   2   0   1   8 |   f = S
   0   1  12   4   4   4 706   1   0   1   3   0  17   4   0   1   0   0   0   1   0   3   1   1   2   0 |   g = B
   2   0   3  10   0   2   6 703   5   9   0   0   0   2   0   1   5   1   1   1   0  13   3  11   4   7 |   h = A
   1  18   5   2   0  13   2   5 630   0   9   4   1  14   0   2   0   0   5  11   0   8   3   2   0  12 |   i = J
   0   0   1   3  11   0  11   0   0 742   0   0   6   0   0   1   7   0   0   4   0   0   0   6   0   0 |   j = M
   1   1  10   0   0   1   1   0   1   0 738   4   2   3   0   1   0   0   0  10   1   2   0   0  10   1 |   k = X
   0   0   8   1   4   3   0   1   3   2   0 690   6   0   0   6   3   2   1   0   0   1  13   6   3   0 |   l = O
   0   0  11   6   8   0  18   0   0   1   1   6 684   0   0   6   0   0   0   5   0   0   1   0  11   0 |   m = R
   9   6   3   0   1   6  16   1   4   0   2   1   4 682   1   2   2   0  16  14   0   2   1   0   2   0 |   n = F
   0   1   0   9  26   0   2   2   0   0   1  17   3   0 593  15   5   5   0  36   0   0   1   5  15   0 |   o = C
   0   0  11   6   7   4  18   0   2   1   2   6  30   7   0 582   0   0   7   1   3   6   6   8  24   3 |   p = H
   0   0   2   4   7   0   6   1   2   6   0  12   6   1   0   0 679   0   1   5   3   1   2   8   6   0 |   q = W
   0   2   4   5  15   8   7   7   0   1   6   0  12   2   2   5   6 641   0  20   0   4   6   1   6   1 |   r = L
   1   1   1   1   9   2   7   1   1   0   0   0   7  20   0   1   2   0 730   4   0   4   6   0   5   0 |   s = P
   1   0   1   0  22   6   6   0   0   0   2   0   1   2   1   1   0   0   0 700   0   0   3   0   7  15 |   t = E
   2   0   1  11   9   0  22   1   0   0   0   4   1   1   0   0  14   0   2   1 680  10   0   4   1   0 |   u = V
   5   0   2   1   0   3   5   0   2   0   3   0   0   1   0   0   2   0   4   0  10 746   1   1   0   0 |   v = Y
   5   3   7   0   6   7   7   5   2   0   1  12   5   2   0   0   0  10   3  24   0   3 650   2   1  28 |   w = Q
   0   0   0   3   4   0   1   0   0  13   0   4   0   0   0   4   9   0   1   0   0   1   3 768   2   0 |   x = U
   0   0   2   2   2   4   3   1   1   1   5   2  15   0   1  12   0   0   0   6   0   1   1   1 679   0 |   y = K
   3   1   4   0   0  17   2   1   1   0   5   0   2   3   0   0   0   2   1   4   0   2   0   0   0 686 |   z = Z

-----------------------------------------------------------------------------
||                                  Result                                 ||
-----------------------------------------------------------------------------
|| ANN || Neurons: 24 Layers: 2 Epochs: 600 Learning Rate: 1.25 Momentum: 1.0

Correctly Classified Instances         813                4.065  %
Incorrectly Classified Instances     19187               95.935  %
Kappa statistic                          0     
Mean absolute error                      0.074 
Root mean squared error                  0.1923
Relative absolute error                100      %
Root relative squared error            100      %
Total Number of Instances            20000     

Confusion Matrix
   a   b   c   d   e   f   g   h   i   j   k   l   m   n   o   p   q   r   s   t   u   v   w   x   y   z   <-- classified as
   0   0   0   0   0   0   0   0   0   0   0   0   0   0   0   0   0   0   0   0   0   0   0 796   0   0 |   a = T
   0   0   0   0   0   0   0   0   0   0   0   0   0   0   0   0   0   0   0   0   0   0   0 755   0   0 |   b = I
   0   0   0   0   0   0   0   0   0   0   0   0   0   0   0   0   0   0   0   0   0   0   0 805   0   0 |   c = D
   0   0   0   0   0   0   0   0   0   0   0   0   0   0   0   0   0   0   0   0   0   0   0 783   0   0 |   d = N
   0   0   0   0   0   0   0   0   0   0   0   0   0   0   0   0   0   0   0   0   0   0   0 773   0   0 |   e = G
   0   0   0   0   0   0   0   0   0   0   0   0   0   0   0   0   0   0   0   0   0   0   0 748   0   0 |   f = S
   0   0   0   0   0   0   0   0   0   0   0   0   0   0   0   0   0   0   0   0   0   0   0 766   0   0 |   g = B
   0   0   0   0   0   0   0   0   0   0   0   0   0   0   0   0   0   0   0   0   0   0   0 789   0   0 |   h = A
   0   0   0   0   0   0   0   0   0   0   0   0   0   0   0   0   0   0   0   0   0   0   0 747   0   0 |   i = J
   0   0   0   0   0   0   0   0   0   0   0   0   0   0   0   0   0   0   0   0   0   0   0 792   0   0 |   j = M
   0   0   0   0   0   0   0   0   0   0   0   0   0   0   0   0   0   0   0   0   0   0   0 787   0   0 |   k = X
   0   0   0   0   0   0   0   0   0   0   0   0   0   0   0   0   0   0   0   0   0   0   0 753   0   0 |   l = O
   0   0   0   0   0   0   0   0   0   0   0   0   0   0   0   0   0   0   0   0   0   0   0 758   0   0 |   m = R
   0   0   0   0   0   0   0   0   0   0   0   0   0   0   0   0   0   0   0   0   0   0   0 775   0   0 |   n = F
   0   0   0   0   0   0   0   0   0   0   0   0   0   0   0   0   0   0   0   0   0   0   0 736   0   0 |   o = C
   0   0   0   0   0   0   0   0   0   0   0   0   0   0   0   0   0   0   0   0   0   0   0 734   0   0 |   p = H
   0   0   0   0   0   0   0   0   0   0   0   0   0   0   0   0   0   0   0   0   0   0   0 752   0   0 |   q = W
   0   0   0   0   0   0   0   0   0   0   0   0   0   0   0   0   0   0   0   0   0   0   0 761   0   0 |   r = L
   0   0   0   0   0   0   0   0   0   0   0   0   0   0   0   0   0   0   0   0   0   0   0 803   0   0 |   s = P
   0   0   0   0   0   0   0   0   0   0   0   0   0   0   0   0   0   0   0   0   0   0   0 768   0   0 |   t = E
   0   0   0   0   0   0   0   0   0   0   0   0   0   0   0   0   0   0   0   0   0   0   0 764   0   0 |   u = V
   0   0   0   0   0   0   0   0   0   0   0   0   0   0   0   0   0   0   0   0   0   0   0 786   0   0 |   v = Y
   0   0   0   0   0   0   0   0   0   0   0   0   0   0   0   0   0   0   0   0   0   0   0 783   0   0 |   w = Q
   0   0   0   0   0   0   0   0   0   0   0   0   0   0   0   0   0   0   0   0   0   0   0 813   0   0 |   x = U
   0   0   0   0   0   0   0   0   0   0   0   0   0   0   0   0   0   0   0   0   0   0   0 739   0   0 |   y = K
   0   0   0   0   0   0   0   0   0   0   0   0   0   0   0   0   0   0   0   0   0   0   0 734   0   0 |   z = Z

-----------------------------------------------------------------------------
||                                  Result                                 ||
-----------------------------------------------------------------------------
|| ANN || Neurons: 16 Layers: 2 Epochs: 1200 Learning Rate: 4.0 Momentum: 1.0

Correctly Classified Instances         813                4.065  %
Incorrectly Classified Instances     19187               95.935  %
Kappa statistic                          0     
Mean absolute error                      0.074 
Root mean squared error                  0.1923
Relative absolute error                100      %
Root relative squared error            100      %
Total Number of Instances            20000     

Confusion Matrix
   a   b   c   d   e   f   g   h   i   j   k   l   m   n   o   p   q   r   s   t   u   v   w   x   y   z   <-- classified as
   0   0   0   0   0   0   0   0   0   0   0   0   0   0   0   0   0   0   0   0   0   0   0 796   0   0 |   a = T
   0   0   0   0   0   0   0   0   0   0   0   0   0   0   0   0   0   0   0   0   0   0   0 755   0   0 |   b = I
   0   0   0   0   0   0   0   0   0   0   0   0   0   0   0   0   0   0   0   0   0   0   0 805   0   0 |   c = D
   0   0   0   0   0   0   0   0   0   0   0   0   0   0   0   0   0   0   0   0   0   0   0 783   0   0 |   d = N
   0   0   0   0   0   0   0   0   0   0   0   0   0   0   0   0   0   0   0   0   0   0   0 773   0   0 |   e = G
   0   0   0   0   0   0   0   0   0   0   0   0   0   0   0   0   0   0   0   0   0   0   0 748   0   0 |   f = S
   0   0   0   0   0   0   0   0   0   0   0   0   0   0   0   0   0   0   0   0   0   0   0 766   0   0 |   g = B
   0   0   0   0   0   0   0   0   0   0   0   0   0   0   0   0   0   0   0   0   0   0   0 789   0   0 |   h = A
   0   0   0   0   0   0   0   0   0   0   0   0   0   0   0   0   0   0   0   0   0   0   0 747   0   0 |   i = J
   0   0   0   0   0   0   0   0   0   0   0   0   0   0   0   0   0   0   0   0   0   0   0 792   0   0 |   j = M
   0   0   0   0   0   0   0   0   0   0   0   0   0   0   0   0   0   0   0   0   0   0   0 787   0   0 |   k = X
   0   0   0   0   0   0   0   0   0   0   0   0   0   0   0   0   0   0   0   0   0   0   0 753   0   0 |   l = O
   0   0   0   0   0   0   0   0   0   0   0   0   0   0   0   0   0   0   0   0   0   0   0 758   0   0 |   m = R
   0   0   0   0   0   0   0   0   0   0   0   0   0   0   0   0   0   0   0   0   0   0   0 775   0   0 |   n = F
   0   0   0   0   0   0   0   0   0   0   0   0   0   0   0   0   0   0   0   0   0   0   0 736   0   0 |   o = C
   0   0   0   0   0   0   0   0   0   0   0   0   0   0   0   0   0   0   0   0   0   0   0 734   0   0 |   p = H
   0   0   0   0   0   0   0   0   0   0   0   0   0   0   0   0   0   0   0   0   0   0   0 752   0   0 |   q = W
   0   0   0   0   0   0   0   0   0   0   0   0   0   0   0   0   0   0   0   0   0   0   0 761   0   0 |   r = L
   0   0   0   0   0   0   0   0   0   0   0   0   0   0   0   0   0   0   0   0   0   0   0 803   0   0 |   s = P
   0   0   0   0   0   0   0   0   0   0   0   0   0   0   0   0   0   0   0   0   0   0   0 768   0   0 |   t = E
   0   0   0   0   0   0   0   0   0   0   0   0   0   0   0   0   0   0   0   0   0   0   0 764   0   0 |   u = V
   0   0   0   0   0   0   0   0   0   0   0   0   0   0   0   0   0   0   0   0   0   0   0 786   0   0 |   v = Y
   0   0   0   0   0   0   0   0   0   0   0   0   0   0   0   0   0   0   0   0   0   0   0 783   0   0 |   w = Q
   0   0   0   0   0   0   0   0   0   0   0   0   0   0   0   0   0   0   0   0   0   0   0 813   0   0 |   x = U
   0   0   0   0   0   0   0   0   0   0   0   0   0   0   0   0   0   0   0   0   0   0   0 739   0   0 |   y = K
   0   0   0   0   0   0   0   0   0   0   0   0   0   0   0   0   0   0   0   0   0   0   0 734   0   0 |   z = Z

-----------------------------------------------------------------------------
||                                  Result                                 ||
-----------------------------------------------------------------------------
|| ANN || Neurons: 24 Layers: 2 Epochs: 1000 Learning Rate: 4.0 Momentum: 1.25

Correctly Classified Instances       16885               84.425  %
Incorrectly Classified Instances      3115               15.575  %
Kappa statistic                          0.838 
Mean absolute error                      0.0131
Root mean squared error                  0.103 
Relative absolute error                 17.7435 %
Root relative squared error             53.5598 %
Total Number of Instances            20000     

Confusion Matrix
   a   b   c   d   e   f   g   h   i   j   k   l   m   n   o   p   q   r   s   t   u   v   w   x   y   z   <-- classified as
 650   3   4   2   9   3   6   0   0   0  10   6   4  10   6   8   0   1   0  19   2  18  10   6   7  12 |   a = T
   1 630   6   0   1  16   9   0  12   0  21   3   1  17   3   0   0   2  12   7   0  10   2   0   2   0 |   b = I
   2   0 682   7   0   2  14   2   1   2   4  22  17   2   0  27   0   1  10   0   0   1   0   5   4   0 |   c = D
   0   0  19 685   1   0   6   1   0  10   0   8  13   3   1  13   7   0   2   0   0   0   1  11   2   0 |   d = N
   0   5  10   2 595  17  13   7   1   1   6  13  14   5  14   4   4   4   1   9   4   4  27   1  10   2 |   e = G
   2   5   5   0   2 601  18   7   5   1  10   6   6   8   2   0   0   5   5  20   2  16   4   1   4  13 |   f = S
   0   0  12   1   5  10 662   0   0   0   6   2  37   1   0   3   0   0   4   7   0   2   5   0   8   1 |   g = B
   1   0  11   7   1   8   0 692   3   7   4   0   8   4   0   4   1   1   7   0   1   8   7   9   4   1 |   h = A
   0  20  12   2   0  20   6   5 585   2  18   5   2  13   1   8   0   0  19   6   0  11   5   0   1   6 |   i = J
   0   0   0   5   6   0   7   2   2 742   0   2   5   0   0   0  10   0   0   0   1   1   6   3   0   0 |   j = M
   3   6   4   0   4   7   2   0   1   0 717   1   4   2   0   2   0   0   0   5   1   7   1   1  18   1 |   k = X
   0   0  18   9   3   0   4   1   2   7   1 621   6   0  10   7  24   0   5   0   1   0  21  10   3   0 |   l = O
   1   0  15   7   7   1  25   0   0   2   5   5 639   2   1  15   0   0   1   1   1   1   3   1  25   0 |   m = R
  14   5  10   3   1  17   8   0   1   0   5   0   4 634   3   2   2   0  23  14   0   7   7   3   2  10 |   n = F
   2   0   0   4  28   1   6   1   0   4   7  11   2   3 585  11   2   1   0  17   2   1   4  12  30   2 |   o = C
   1   5  21   6   6   2  16   6   1   4   4   5  45   7   2 541   1   0   5   3   3   7   8   5  29   1 |   p = H
   0   0   1   7   2   0   1   4   0  10   0   6   3   0   1   1 693   0   1   3   6   0   4   9   0   0 |   q = W
   3   0   0   3  17   7   8   1   0   1  26   2  10   1   1   1   0 642   0  14   0   2   7   3   9   3 |   r = L
   0   3   6   1  10   4   7   1   0   0   0   3   5  33   0   1   0   0 711   5   2   2   6   0   3   0 |   s = P
   2   1   0   0  25  19   6   0   0   0   9   0   6   6  15   2   0   2   0 632   0   2  22   0   8  11 |   t = E
   2   1   1   5   2   0  17   0   0   2   1   2   6   1   1   4  19   0   3   0 676  11   7   2   1   0 |   u = V
   8   1   2   0   1   5   2   1   1   1   5   0   1   7   0   2   3   1  13   0  15 703   7   6   1   0 |   v = Y
   0   2   4   0  23   7  12   6   1   0   4  21   2   3   4   1   1   6   0  29   1   2 614   7   8  25 |   w = Q
   0   0   2  10   1   0   2   2   1  20   2   7   4   0   2  11   7   0   0   0   1   5   4 723   9   0 |   x = U
   1   0   3   2  12   0   6   2   1   1  19   1  26   0   0  25   0   0   0   5   0   0   1   7 627   0 |   y = K
   7   9   6   0   0  34   4   3   2   0  15   0   2   9   0   0   0   6   7  15   0   7   4   0   1 603 |   z = Z

-----------------------------------------------------------------------------
||                                  Result                                 ||
-----------------------------------------------------------------------------
|| ANN || Neurons: 34 Layers: 2 Epochs: 800 Learning Rate: 1.75 Momentum: 2.75

Correctly Classified Instances       17526               87.63   %
Incorrectly Classified Instances      2474               12.37   %
Kappa statistic                          0.8713
Mean absolute error                      0.0105
Root mean squared error                  0.0923
Relative absolute error                 14.1891 %
Root relative squared error             47.9894 %
Total Number of Instances            20000     

Confusion Matrix
   a   b   c   d   e   f   g   h   i   j   k   l   m   n   o   p   q   r   s   t   u   v   w   x   y   z   <-- classified as
 660   0   3   1   5   6   9   1   0   0   7   1  12  12   3   8   3   3   0  23   1  10   1   2  10  15 |   a = T
   3 651   6   2   3  16  13   6  13   0  12   0   0   4   3   0   0   3   3   2   0   2   6   0   3   4 |   b = I
   0   0 719   6   0   3   8   2   4   3   2  13   7   1   0  13   0   1   5   0   0   2   0  10   6   0 |   c = D
   0   0  12 723   1   1   2   2   0   4   0  13   6   2   0   5   7   0   0   0   1   2   0   2   0   0 |   d = N
   0   7   5   3 625  10  14   6   1   1   1   9   3   3  16   1   3   4   2  11   0   5  25   4  10   4 |   e = G
   4   1   3   0   0 657  16   2   5   0   4   6   4   4   1   2   0   7   1  10   0   0   6   0   1  14 |   f = S
   0   1  10   1   3   7 689   0   0   0   3   2  15   2   0   1   4   0   1  10   0   6   1   2   6   2 |   g = B
   0   1   2   6   0   1   1 722   1   1   1   0   4   3   2   2   4   1   1   1   0   7   7   9   3   9 |   h = A
   3   8   3   5   0  13   2   7 619   1  14   9   0   5   0   3   0  13   6   8   1   1   5   3   1  17 |   i = J
   0   0   0  11   5   0   6   2   0 736   0   2   4   0   1   2  12   0   0   4   0   1   1   3   2   0 |   j = M
   3   3   2   0   2   4   3   0   0   0 741   0   2   2   0   0   0   2   0   3   0   2   1   1  13   3 |   k = X
   0   2  14   4   5   0   1   7   2   7   1 636   4   0   3   7  18   3   0   0   1   1  23   8   2   4 |   l = O
   0   0  13  12   5   0  16   1   3   0   3   6 657   1   1   5   3   0   1   4   0   0   4   3  18   2 |   m = R
  18   4   7   0   3  15  13   0   3   0   5   0   0 628   4   1   2   2  20  28   2   5   3   0   2  10 |   n = F
   2   0   0   1  31   2   0   7   0   0   1   9   3   1 611   7   0   2   1  35   0   0   7   7   9   0 |   o = C
   0   2  16  11   8   3  16   8   1   0   5   8  24   7   0 567   3   0   4   1   0   9   6   6  27   2 |   p = H
   0   0   0  12   2   0   1   7   0   8   0   4   4   0   0   1 692   0   2   1   9   1   0   2   6   0 |   q = W
   0   2   0   0  14  13   3   3   0   1  11   0  15   0   5   1   2 651   0  22   0   3   2   4   7   2 |   r = L
   0   2   2   0  11   2   8   0   2   0   0   2   1  23   1   2   0   0 721   7   0   6  12   1   0   0 |   s = P
   0   0   0   0  15   8   6   1   2   0  10   0   3   3   2   1   0   1   0 689   0   2   6   0  11   8 |   t = E
   2   0   3   2   8   1  13   2   0   2   0   2   5   0   0   1  17   0   2   3 668  22   5   5   1   0 |   u = V
  21   1   0   2   0   3   1   0   1   0   3   0   1   2   0   1   2   0   6   0  16 722   3   0   0   1 |   v = Y
   0   4  10   0  12  13  11   4   0   0   3  27   3   0   0   0   0  12   2  19   0   4 636   1   3  19 |   w = Q
   1   0   2   3   0   0   2   2   2   7   0   2   1   2   1   8   7   0   2   1   0   1   1 766   2   0 |   x = U
   0   0   2   2   2   1   3   6   0   0  16   1  19   1   3  10   3   0   0   6   0   0   1   4 659   0 |   y = K
   3   5   0   0   0  13   2   1   7   0   3   0   1   2   0   0   0   1   1   9   0   0   5   0   0 681 |   z = Z

-----------------------------------------------------------------------------
||                                  Result                                 ||
-----------------------------------------------------------------------------
|| ANN || Neurons: 42 Layers: 1 Epochs: 1600 Learning Rate: 3.75 Momentum: 2.25

Correctly Classified Instances       17363               86.815  %
Incorrectly Classified Instances      2637               13.185  %
Kappa statistic                          0.8629
Mean absolute error                      0.0113
Root mean squared error                  0.0972
Relative absolute error                 15.2715 %
Root relative squared error             50.5388 %
Total Number of Instances            20000     

Confusion Matrix
   a   b   c   d   e   f   g   h   i   j   k   l   m   n   o   p   q   r   s   t   u   v   w   x   y   z   <-- classified as
 674   1   4   3   7   5   9   1   0   0   9   3   1  13   0   2   2   1   1  15   3  12   2   8  10  10 |   a = T
   2 648   7   2   1   9   5   2   9   0  15   5   0  13   4   0   0   5  13   2   0   3   6   0   0   4 |   b = I
   0   0 733  13   1   2   9   1   3   7   3   9   3   3   0   6   1   1   1   0   0   2   0   3   1   3 |   c = D
   0   0  10 725   0   0   1   1   0   5   0   8   7   0   0   7   2   0   4   2   2   2   1   4   2   0 |   d = N
   0   7   9   5 575  19  11   8   2   2   7  10   7   5   5   3   8  10   3   5   4   6  42   8  12   0 |   e = G
   0   7  10   1   0 611  11   0   6   0  11   2   5  16   0   0   0  11   0  19   0  13   8   0   2  15 |   f = S
   0   2  23   3   6   4 680   2   1   0   3   2  19   5   0   0   0   3   3   5   0   0   2   1   2   0 |   g = B
   0   0   2   4   0   2   0 717   1   5   1   2   1   1   0   4   4   1   1   0   5   5   5  10   3  15 |   h = A
   4   8   3   1   0  16   1   6 636   1  15   2   0  20   0   3   0   5   6   6   0   0   1   1   0  12 |   i = J
   0   0   4  12   0   0   8   1   0 737   0   2   9   0   0   1   9   0   1   1   1   0   1   3   2   0 |   j = M
   0   2   8   0   1   1   2   0   0   0 741   2   0   1   0   0   0   1   1  11   1   2   3   1   8   1 |   k = X
   0   1  11   7   8   4   0   6   1  10   0 637   9   0   1   1  19   3   7   0   3   0  15   9   0   1 |   l = O
   0   0  10  16   0   0  26   6   0   9   2   1 630   2   0   5   4   6   0   6   1   0   5   0  29   0 |   m = R
  15   4   7   3   0   5   3   0   4   0   6   0   4 679   1   2   0   4  11   9   1   6   5   1   3   2 |   n = F
   1   0   1   2  13   1   0   5   0   1   7  10   0   7 587   0   3   7   0  47   4   1   8  14  17   0 |   o = C
   0   1  33   7   7   2  25   6  12   9  14  27  34   9   0 417  10   4  15   1   7   5  11  22  54   2 |   p = H
   0   0   0  19   0   0   3   1   0   9   0   3   3   1   0   0 697   0   2   1   1   1   0   6   5   0 |   q = W
   4   1   0   3   7   5   4   1   0   1  12   0   4   1   0   1   2 672   0  17   4   0  11   5   4   2 |   r = L
   0   5   3   1   5   2   6   0   1   1   0   2   6  18   0   1   2   2 723   3   0   7  12   0   3   0 |   s = P
   1   2   0   0  14   6   2   1   1   0  12   0  10   6   3   0   0   5   0 673   0   1  16   1   9   5 |   t = E
   0   1   1   4   0   0  18   0   0   1   0   0   3   2   0   5  21   1   5   3 683   7   2   6   1   0 |   u = V
   7   0   3   1   0   1   0   1   2   0   6   0   0  13   0   0   3   0   3   0  11 725   8   1   0   1 |   v = Y
   0   4   1   0   5   9  12   3   2   2   4   9   1   0   0   0   2  27   0   9   0   1 672   3   4  13 |   w = Q
   1   0   0   9   0   0   2   2   1  10   0   5   0   0   2   1   3   1   2   0   1   0   3 763   7   0 |   x = U
   3   0   6   4   3   0   3   5   0   3  21   0  18   0   0  13   0   0   0   7   1   0   1  11 640   0 |   y = K
   1   1   0   0   0  12   1   1   6   0   7   0   2   1   0   2   0   4   0   3   0   1   4   0   0 688 |   z = Z

-----------------------------------------------------------------------------
||                                  Result                                 ||
-----------------------------------------------------------------------------
|| ANN || Neurons: 37 Layers: 2 Epochs: 800 Learning Rate: 4.0 Momentum: 2.25

Correctly Classified Instances       17678               88.39   %
Incorrectly Classified Instances      2322               11.61   %
Kappa statistic                          0.8793
Mean absolute error                      0.0098
Root mean squared error                  0.0891
Relative absolute error                 13.2276 %
Root relative squared error             46.3459 %
Total Number of Instances            20000     

Confusion Matrix
   a   b   c   d   e   f   g   h   i   j   k   l   m   n   o   p   q   r   s   t   u   v   w   x   y   z   <-- classified as
 658   0   5   0   6   9  11   0   0   0  11   3   8   9   0  12   0   3   3  16   2  17   2   5   4  12 |   a = T
   0 661   9   0   0  17   6   1  27   0   5   2   0  10   0   1   0   7   4   1   0   4   0   0   0   0 |   b = I
   0   0 735   6   0   6   7   2   3   1   0  13   6   0   0  15   0   2   4   1   0   1   0   1   0   2 |   c = D
   1   0   9 697   3   1   2   0   1  11   0  19  11   6   0   9   2   0   2   1   2   1   0   4   1   0 |   d = N
   0   7   5   2 654   9   4   6   4   1   4   4   9   4   9   4   0   5   3   8   1   0  20   5   3   2 |   e = G
   2   3   7   1   0 658  19   1   3   0   4   3   6   5   1   1   0   2   1  12   2   6   1   0   1   9 |   f = S
   0   0   8   2   4  13 690   1   0   0   7   2  12   3   0   5   1   0   1  10   0   2   2   0   3   0 |   g = B
   0   1   3   6   1   9  10 710   3   6   1   1   2   3   2   1   1   2   6   0   0   7   1   6   5   2 |   h = A
   0  11   4   1   0  12   3   6 685   0   7   2   0   4   0   3   0   1   0   2   0   4   1   0   0   1 |   i = J
   0   0   1   7  13   0   5   3   0 739   0   1   3   2   1   3   5   0   2   1   0   0   1   5   0   0 |   j = M
   0   2   8   0   2   3   2   0   4   0 732   0   4   0   0   0   1   0   0   6   0   5   1   1  15   1 |   k = X
   0   0   9   6  10   2   2   3   2   4   0 664  11   1   0   4   9   0   2   0   2   0  13   9   0   0 |   l = O
   0   0  12   7   4   0  12   3   2   2   3   5 673   1   0   8   0   2   0   3   0   0   6   1  13   1 |   m = R
  12   7   4   1   1  18  15   0   5   0   1   1   3 656   5   3   3   0  18  12   1   6   1   0   1   1 |   n = F
   1   4   0   0  24   4   0   0   1   4   5  15   5   1 599  12   3   7   0  27   1   0   0  10  13   0 |   o = C
   0   0  17   3   1   5  20   5   5   1   2  10  38   8   1 562   3   1   2   3   4   7   8   4  22   2 |   p = H
   0   0   2   7   6   0   5   0   0   6   0  11   7   0   0   2 696   0   0   1   3   2   1   3   0   0 |   q = W
   2   0   3   1   7   8   7   2   5   0  12   1   8   1   4   7   0 654   1  21   0   5   4   2   6   0 |   r = L
   2   0   4   0  14   2   7   0   0   0   1   2   1  24   1   1   3   1 724   5   1   2   6   1   1   0 |   s = P
   1   0   0   0  18  12   8   0   1   0   9   0   5   2  10   1   0   1   0 674   0   1  10   0   6   9 |   t = E
   1   0   1   2   8   0  20   0   0   1   0   4   4   4   1   3   9   0   8   3 667  17   2   9   0   0 |   u = V
   9   0   0   0   0   0   1   0   2   2   2   1   0   0   0   0   0   0   3   0   7 750   8   1   0   0 |   v = Y
   1   1   7   1   8  14  17   8   2   1   5  15   9   1   0   2   0  19   0  11   3   4 627   0   8  19 |   w = Q
   0   0   3   1   3   0   0   1   1  12   0   5   0   0   1   1   2   1   2   1   1   2   0 773   3   0 |   x = U
   0   0   4   0   4   0   2   1   1   0  11   2  15   1   0  13   2   2   0   7   0   0   1   3 670   0 |   y = K
   2   1   2   1   1  13   4   3  10   0   2   0   4   5   0   0   0   6   0   7   0   3   0   0   0 670 |   z = Z

-----------------------------------------------------------------------------
||                                  Result                                 ||
-----------------------------------------------------------------------------
|| ANN || Neurons: 41 Layers: 2 Epochs: 1200 Learning Rate: 3.75 Momentum: 2.25

Correctly Classified Instances       17974               89.87   %
Incorrectly Classified Instances      2026               10.13   %
Kappa statistic                          0.8946
Mean absolute error                      0.0086
Root mean squared error                  0.0834
Relative absolute error                 11.5949 %
Root relative squared error             43.3625 %
Total Number of Instances            20000     

Confusion Matrix
   a   b   c   d   e   f   g   h   i   j   k   l   m   n   o   p   q   r   s   t   u   v   w   x   y   z   <-- classified as
 687   1   4   3  10   5   7   0   0   0  11   3   9   3   5   5   0   1   0  19   0  10   4   1   3   5 |   a = T
   3 676   4   0   0  20   2   0  10   0  11   2   0   9   1   0   0   1   6   1   0   4   1   0   2   2 |   b = I
   0   1 739   5   0   3   7   2   1   1   0   4   7   1   0  16   1   2   2   0   0   0   3   6   4   0 |   c = D
   0   0   7 735   1   0   0   0   3   5   0   6  10   0   0   9   1   0   0   0   0   0   1   2   3   0 |   d = N
   0   4   6   0 691   4   8   3   0   1   1  10   6   0  13   1   3   1   2   5   0   2   7   3   2   0 |   e = G
   0   2   1   0   1 696   9   3   2   0   0   1   2   2   0   3   0   1   1   9   0   2   3   0   3   7 |   f = S
   0   3   9   3   1  11 693   1   1   0   4   1  23   2   0   1   0   0   0   5   0   4   1   1   2   0 |   g = B
   0   0   2   6   5   1   5 725   1   4   0   1   0   0   0   0   2   1   3   1   0  12   5   4   1  10 |   h = A
   6  18   3   3   0  10   2   2 628   0   8   3   2  11   1   7   0   0   6   3   1   7   2   1   0  23 |   i = J
   0   0   3   7   9   0   9   0   2 736   0   0   2   0   1   0   4   0   0   5   0   1   1   8   4   0 |   j = M
   1   2   4   0   1   5   1   0   3   0 740   0   1   3   1   1   0   0   0   8   1   1   0   2  12   0 |   k = X
   0   0   9   8  10   2   1   2   4   2   1 653   5   0   3   3  16   0   2   0   0   1  24   7   0   0 |   l = O
   0   0   7   9   5   4  17   2   2   1   3   2 674   0   1   8   1   1   1   2   0   0   4   1  13   0 |   m = R
   7   9   2   2   1   7   5   2   4   0   4   0   9 665   7   4   1   0  22  10   0   2   1   2   7   2 |   n = F
   0   1   1   1  21   1   1   4   0   1   4   9   2   0 646   4   1   5   0  16   0   0   4  10   4   0 |   o = C
   0   0  13   7  10   6  12   3   2   0   1   3  20   4   7 592   0   0   4   0   1   5  10   4  27   3 |   p = H
   0   0   0   8   6   0   6   1   1   7   0   0   7   0   1   4 694   0   0   3   1   1   0  10   2   0 |   q = W
   0   2   0   2  13  11   3   6   0   0  19   0  13   1   8   3   0 650   0  10   0   2   6   1   8   3 |   r = L
   0   1   1   0   8   1   6   2   4   0   0   0   6  13   0   0   4   0 736  11   0   2   8   0   0   0 |   s = P
   0   0   0   0  20   7   6   0   0   0   5   1   6   0   8   0   0   1   0 689   0   1   5   1   7  11 |   t = E
   1   0   1   3   8   0  17   0   0   0   0   1   7   1   0   2  10   0   4   2 686  13   3   4   1   0 |   u = V
  13   0   2   0   4   2   1   2   1   1   2   0   0   4   0   0   2   0   3   0   5 736   1   5   0   2 |   v = Y
   0   3   5   1  14  14   7   1   2   0   1  14   4   4   1   0   1   8   1  12   0   2 662   1   0  25 |   w = Q
   0   0   1   6   0   0   2   1   0   3   0   4   0   1   0   2   4   0   0   1   0   1   0 785   2   0 |   x = U
   0   0   2   0   4   0   1   1   2   2  10   0  13   0   2  18   0   0   1   2   0   0   1   5 675   0 |   y = K
   1   2   2   0   0  15   0   0   6   0   5   1   0   0   1   0   0   2   0   9   0   2   3   0   0 685 |   z = Z

-----------------------------------------------------------------------------
