||                                  Result                                 ||
-----------------------------------------------------------------------------
|| ANN || Neurons: 28 Layers: 1 Epochs: 200 Learning Rate: 1.0 Momentum: 1.0

Correctly Classified Instances         813                4.065  %
Incorrectly Classified Instances     19187               95.935  %
Kappa statistic                          0     
Mean absolute error                      0.074 
Root mean squared error                  0.1923
Relative absolute error                100      %
Root relative squared error            100      %
Total Number of Instances            20000     

Confusion Matrix
   a   b   c   d   e   f   g   h   i   j   k   l   m   n   o   p   q   r   s   t   u   v   w   x   y   z   <-- classified as
   0   0   0   0   0   0   0   0   0   0   0   0   0   0   0   0   0   0   0   0   0   0   0 796   0   0 |   a = T
   0   0   0   0   0   0   0   0   0   0   0   0   0   0   0   0   0   0   0   0   0   0   0 755   0   0 |   b = I
   0   0   0   0   0   0   0   0   0   0   0   0   0   0   0   0   0   0   0   0   0   0   0 805   0   0 |   c = D
   0   0   0   0   0   0   0   0   0   0   0   0   0   0   0   0   0   0   0   0   0   0   0 783   0   0 |   d = N
   0   0   0   0   0   0   0   0   0   0   0   0   0   0   0   0   0   0   0   0   0   0   0 773   0   0 |   e = G
   0   0   0   0   0   0   0   0   0   0   0   0   0   0   0   0   0   0   0   0   0   0   0 748   0   0 |   f = S
   0   0   0   0   0   0   0   0   0   0   0   0   0   0   0   0   0   0   0   0   0   0   0 766   0   0 |   g = B
   0   0   0   0   0   0   0   0   0   0   0   0   0   0   0   0   0   0   0   0   0   0   0 789   0   0 |   h = A
   0   0   0   0   0   0   0   0   0   0   0   0   0   0   0   0   0   0   0   0   0   0   0 747   0   0 |   i = J
   0   0   0   0   0   0   0   0   0   0   0   0   0   0   0   0   0   0   0   0   0   0   0 792   0   0 |   j = M
   0   0   0   0   0   0   0   0   0   0   0   0   0   0   0   0   0   0   0   0   0   0   0 787   0   0 |   k = X
   0   0   0   0   0   0   0   0   0   0   0   0   0   0   0   0   0   0   0   0   0   0   0 753   0   0 |   l = O
   0   0   0   0   0   0   0   0   0   0   0   0   0   0   0   0   0   0   0   0   0   0   0 758   0   0 |   m = R
   0   0   0   0   0   0   0   0   0   0   0   0   0   0   0   0   0   0   0   0   0   0   0 775   0   0 |   n = F
   0   0   0   0   0   0   0   0   0   0   0   0   0   0   0   0   0   0   0   0   0   0   0 736   0   0 |   o = C
   0   0   0   0   0   0   0   0   0   0   0   0   0   0   0   0   0   0   0   0   0   0   0 734   0   0 |   p = H
   0   0   0   0   0   0   0   0   0   0   0   0   0   0   0   0   0   0   0   0   0   0   0 752   0   0 |   q = W
   0   0   0   0   0   0   0   0   0   0   0   0   0   0   0   0   0   0   0   0   0   0   0 761   0   0 |   r = L
   0   0   0   0   0   0   0   0   0   0   0   0   0   0   0   0   0   0   0   0   0   0   0 803   0   0 |   s = P
   0   0   0   0   0   0   0   0   0   0   0   0   0   0   0   0   0   0   0   0   0   0   0 768   0   0 |   t = E
   0   0   0   0   0   0   0   0   0   0   0   0   0   0   0   0   0   0   0   0   0   0   0 764   0   0 |   u = V
   0   0   0   0   0   0   0   0   0   0   0   0   0   0   0   0   0   0   0   0   0   0   0 786   0   0 |   v = Y
   0   0   0   0   0   0   0   0   0   0   0   0   0   0   0   0   0   0   0   0   0   0   0 783   0   0 |   w = Q
   0   0   0   0   0   0   0   0   0   0   0   0   0   0   0   0   0   0   0   0   0   0   0 813   0   0 |   x = U
   0   0   0   0   0   0   0   0   0   0   0   0   0   0   0   0   0   0   0   0   0   0   0 739   0   0 |   y = K
   0   0   0   0   0   0   0   0   0   0   0   0   0   0   0   0   0   0   0   0   0   0   0 734   0   0 |   z = Z

-----------------------------------------------------------------------------
||                                  Result                                 ||
-----------------------------------------------------------------------------
|| ANN || Neurons: 32 Layers: 2 Epochs: 400 Learning Rate: 2.5 Momentum: 1.5

Correctly Classified Instances       17535               87.675  %
Incorrectly Classified Instances      2465               12.325  %
Kappa statistic                          0.8718
Mean absolute error                      0.0107
Root mean squared error                  0.0908
Relative absolute error                 14.4507 %
Root relative squared error             47.2275 %
Total Number of Instances            20000     

Confusion Matrix
   a   b   c   d   e   f   g   h   i   j   k   l   m   n   o   p   q   r   s   t   u   v   w   x   y   z   <-- classified as
 662   0   4   4  13   5   6   0   0   0   8   3   7   8   4   9   0   2   2  14   0  17   2   3   2  21 |   a = T
   0 675   4   0   2  14   7   0  14   0   7   1   1  10   4   0   0   1   2   4   0   4   1   1   0   3 |   b = I
   0   2 713   9   0   5   7   5   2   3   6  11  12   3   0  10   1   1   8   0   0   1   0   5   1   0 |   c = D
   0   0   9 703   0   2   2   4   0   5   0  11  15   2   0  12   1   1   2   0   5   1   0   4   4   0 |   d = N
   0   2  12   1 633   7   3  13   7   2   8   7   2   4  16   3   1   5   0   9   6   3  16   1   9   3 |   e = G
   1   0   3   0   3 637  19   3   4   0   8   0   8   3   3   0   0   7   3  20   0   2   4   0   4  16 |   f = S
   0   3   8   0   3  14 701   1   0   0   1   0  18   1   0   4   0   0   2   2   1   2   2   0   2   1 |   g = B
   1   0   2   7   0   0   3 722   6   9   0   0   2   1   2   1   3   1   2   0   4   9   1  10   1   2 |   h = A
   1  14   6   2   0  15   6   9 637   0   8   3   4  10   1   2   1   0   2   7   0   1   3   2   2  11 |   i = J
   0   0   2   5  12   0   7   3   0 739   0   1   4   1   1   4   3   0   0   1   2   0   2   4   1   0 |   j = M
   1   3   8   0   2   1   2   0   2   0 733   1   1   0   0   2   0   0   0  12   0   2   2   1  11   3 |   k = X
   0   0   8   3   8   2   4   6   2   5   2 625  12   0   4   8  14   3  10   1   6   0  17  10   3   0 |   l = O
   0   0  10  11   6   3  24   0   0   0   4   4 662   1   1   9   1   4   0   1   0   1   4   1  11   0 |   m = R
  12  11   3   2  10  15  17   0   0   1   7   0   2 637   0   0   2   0  23  17   1   9   3   0   0   3 |   n = F
   0   1   0   4  28   1   0   3   2   1   5  13   3   2 618   3   0   2   0  24   1   0   5  14   6   0 |   o = C
   0   0  18   8   7   1  18   3   6   3   2   6  35   6   1 560   1   0   5   3   6   9   8   4  22   2 |   p = H
   0   0   0   5   5   0   8   4   0  10   0   1   5   1   0   8 692   0   0   1   6   0   0   6   0   0 |   q = W
   0   4   2   1  17  10   5   2   0   0  11   1   6   0   6   1   0 662   0  21   0   0   4   1   3   4 |   r = L
   3   4   2   0  12   0   8   0   0   0   0   2   5  28   2   2   1   0 715   3   5   2   8   0   0   1 |   s = P
   0   1   0   0  23  11   6   0   0   0   6   0   2   3   8   0   0   0   0 687   1   2   7   0   4   7 |   t = E
   0   0   4   3  10   0  11   1   0   1   0   3   3   3   0   2   5   1   1   2 697  10   1   2   4   0 |   u = V
  14   1   2   0   0   0   0   1   4   2   4   0   0   4   0   0   2   1   4   0   8 727   9   2   0   1 |   v = Y
   0   2  13   0  11   8   5   9   2   0  10  13   6   1   4   1   1   4   1   9   2   4 648   2   7  20 |   w = Q
   0   2   3   7   0   0   2   6   0  13   0   5   2   1   3   5   5   1   0   0   5   2   1 746   4   0 |   x = U
   0   0   2   1   5   3   4   3   0   1  19   0  21   3   5  16   0   1   0   5   0   0   0   1 649   0 |   y = K
   1   3   2   0   1  15   4   8   7   0   4   0   4   4   0   0   0   9   2  11   0   2   0   0   2 655 |   z = Z

-----------------------------------------------------------------------------
||                                  Result                                 ||
-----------------------------------------------------------------------------
|| ANN || Neurons: 33 Layers: 2 Epochs: 400 Learning Rate: 1.0 Momentum: 2.25

Correctly Classified Instances       16861               84.305  %
Incorrectly Classified Instances      3139               15.695  %
Kappa statistic                          0.8368
Mean absolute error                      0.0129
Root mean squared error                  0.1039
Relative absolute error                 17.4424 %
Root relative squared error             54.019  %
Total Number of Instances            20000     

Confusion Matrix
   a   b   c   d   e   f   g   h   i   j   k   l   m   n   o   p   q   r   s   t   u   v   w   x   y   z   <-- classified as
 646   2   8   2   5   7   4   0   4   0  16   3   4  13  11   7   0   6   1  15   2  25   3   8   1   3 |   a = T
   1 634   7   0   1  21   6   2  11   2   9   3   1  13   6   0   0   2  12   8   0   1  10   0   0   5 |   b = I
   2   4 692   8   1   4  18   3   3   1   3   9  14   2   1  24   0   1   6   1   0   1   0   5   2   0 |   c = D
   1   0  15 652   4   2   4   1   0  38   0  10   7   1   0  14  12   0   1   0   2   3   0  12   4   0 |   d = N
   0   7   6   0 583   9   7   8   5   1   8   7  14   3  20   9   8   9   4  22   5   5  20   1  10   2 |   e = G
   6  11  17   0   2 595  24   1   6   0   6   5   4   9   1   2   0  13   2   9   2   8   8   0   0  17 |   f = S
   1   0  17   2  11  17 651   0   0   0   4   2  31   3   0   2   1   5   2   3   2   0   4   0   7   1 |   g = B
   2   1   6   8   2   7   3 692   7   7   1   6   3   2   1   2   4   2   1   1   4   5   4  10   3   5 |   h = A
   1  15  14   0   4  11   0   3 622   0  14   6   0  12   2   6   1   7   7   0   2   3   8   2   0   7 |   i = J
   0   0   0   5   8   0   8   1   1 739   0   1   3   1   1   0  13   1   1   2   0   1   0   1   5   0 |   j = M
   3   6   4   0   6   7   4   2   2   0 697   3   1   3   2   1   0   8   0   6   0   4   8   2  15   3 |   k = X
   0   0  23   5   9   1   3   4   1  10   2 603   5   1   2  15  17   3   7   0   4   2  24   9   3   0 |   l = O
   0   0  14   6  14   0  35   8   0   5   5   3 616   2   2  14   7   3   1   4   2   2   3   0  12   0 |   m = R
  11   8  11   0   4  11  15   0   5   0   9   0   2 632   4   0   3   1  32   9   2   8   4   1   1   2 |   n = F
   3   0   0   0  24   3   3   2   1   1   2   7   1   3 625  10   2   8   0  13   0   0  10   7  11   0 |   o = C
   0   1  27   8  13   2   9   1   2   3   1   8  37   2   1 558   5   6   8   0   4   8   6   9  14   1 |   p = H
   0   0   0   5   5   0   3   1   0   9   0   0   1   0   0   6 702   1   0   0   4   0   3  12   0   0 |   q = W
   0   4   5   2  14   7   6   0   2   1  18   2   6   1  12   7   0 652   0  12   0   0   5   1   3   1 |   r = L
   1   1   5   1   7   1   9   1   0   0   0   3   3  35   2   4   3   1 707   3   2   3  10   0   1   0 |   s = P
   2   2   0   0  18  19  10   0   0   0  12   1   5   3   7   2   0   8   0 638   0   2   8   0   9  22 |   t = E
   7   0   1   4  11   0  14   2   0   3   0   0   9   1   0   2  40   1   2   0 645  16   2   4   0   0 |   u = V
  14   0   0   1   1   2   0   0   0   1   3   0   1   6   0   1   5   1   7   0  30 705   5   2   0   1 |   v = Y
   3   4  12   1  21  10  23   6   2   0   2  41   4   7   1   1   2  19   4   7   0   2 600   1   2   8 |   w = Q
   1   0   2   9   4   0   1   1   3  16   0   6   0   1   5   3  13   1   0   0   3   1   3 737   3   0 |   x = U
   0   0   4   7   9   2   6   2   3   1  18   4  28   2   3  20   3   3   0   7   0   0   1   0 615   1 |   y = K
   5   1   5   0   4  42   4   3   4   0  11   1   1   2   0   0   0   4   0  17   0   2   5   0   0 623 |   z = Z

-----------------------------------------------------------------------------
||                                  Result                                 ||
-----------------------------------------------------------------------------
|| ANN || Neurons: 36 Layers: 1 Epochs: 1000 Learning Rate: 1.0 Momentum: 2.75

Correctly Classified Instances       16972               84.86   %
Incorrectly Classified Instances      3028               15.14   %
Kappa statistic                          0.8425
Mean absolute error                      0.0124
Root mean squared error                  0.1043
Relative absolute error                 16.7823 %
Root relative squared error             54.2172 %
Total Number of Instances            20000     

Confusion Matrix
   a   b   c   d   e   f   g   h   i   j   k   l   m   n   o   p   q   r   s   t   u   v   w   x   y   z   <-- classified as
 680   1   2   2  20   4   4   0   0   0  11   1   2   2   1  15   1   7   0  13   0   5   6   0   6  13 |   a = T
   7 639  13   0   1   8   4   4  13   0  19   7   0  22   0   0   0   1   5   1   0   3   3   0   0   5 |   b = I
   0   3 691   8   0   2  13   4   2   6   4  16  12   2   0  23   0   2   3   0   0   0   2   4   5   3 |   c = D
   3   0  13 699   0   0   2   8   1   5   0  10   3  13   1  10   6   1   2   0   1   2   1   2   0   0 |   d = N
   0   6   4   0 583  10  12  16   3   6   5  16  17   5  11   3   1   6  15  10   0   5  29   2   6   2 |   e = G
   6  13   3   1   1 558  16  19   6   0   6   3   3  11   2   5   0  10   8  31   0  15   6   0   1  24 |   f = S
   0   2  23   0   3  15 655   3   1   0   7   6  26   7   0   2   0   0   1   7   0   2   2   1   2   1 |   g = B
   1   0   5   4   1  11   1 697   6  10   1   0   1   1   3   3   1   4   1   0   1  14   8   7   4   4 |   h = A
   2  18  11   2   0   9   6  10 583   0  17   1   4  25   1   1   0   5  15   5   0   6   6   1   0  19 |   i = J
   0   0   4  15   4   0  10   1   1 735   0   0   4   1   1   2   2   0   0   2   0   0   1   2   7   0 |   j = M
   1   5   4   0   0   4   2   2   0   1 715   2   2   2   0   1   0   4   1  13   0   4   2   1  18   3 |   k = X
   0   0  11  12   3   1   3   6   6   9   1 613   6   2   6  11  22   4   5   1   0   1  19   8   3   0 |   l = O
   0   0  17  17   7   0  27  17   0   2   8   2 605   3   0  14   0  13   0   3   0   0   3   1  19   0 |   m = R
  24  10   8   5   2   6  14   1   1   0   3   0   1 633   1   2   5   2  23  12   1   4  10   1   2   4 |   n = F
   2   2   0   3  21   3   0   2   0   5   1  12   1   2 608   3   1  14   0  29   1   1   3   5  16   1 |   o = C
   0   0  26   6  13   0  20   6   2   2   3   6  26   3   2 548   1   3  11   4   5   6   5   8  24   4 |   p = H
   0   0   3   2   1   0  16   3   0  16   0   3   2   1   2   1 690   1   0   1   2   1   4   3   0   0 |   q = W
   2   6   0   2  12   2   7   7   1   2  18   0   4   1   2   2   0 654   0  20   0   2   4   0  11   2 |   r = L
   1   3   3   0  11   1  14   1   0   0   0   1   4  32   0   1   0   1 707   2   0   7   9   0   5   0 |   s = P
   2   2   2   0  12   6  12   1   0   0  13   0   4   3   7   1   0   4   0 659   0   0  18   0   8  14 |   t = E
   1   0   7   3   4   0  15   4   0   0   0   0   3   3   1   2  20   1  12   1 667  15   0   1   3   1 |   u = V
  15   0   4   0   0   2   1   0   1   3   1   0   0   4   0   0   4   0   6   2   5 731   5   2   0   0 |   v = Y
   1   8   4   1  10   8  13  12   4   4   5  17   7   2   0   1   0  18   4  15   0   1 629   1   4  14 |   w = Q
   0   0   0   2   1   0   4   4   2  25   0   4   1   2   1   5  14   2   0   0   1   1   0 743   1   0 |   x = U
   0   0   0   5   7   0   5   9   1   2  26   0  23   0   5  20   0   9   0   8   0   1   1   4 613   0 |   y = K
   1   3   4   0   0  29   2   7   1   0   4   2   1  10   1   0   0   7   3  12   0   3   7   0   0 637 |   z = Z

-----------------------------------------------------------------------------
||                                  Result                                 ||
-----------------------------------------------------------------------------
|| ANN || Neurons: 35 Layers: 2 Epochs: 400 Learning Rate: 2.5 Momentum: 1.75

Correctly Classified Instances       17649               88.245  %
Incorrectly Classified Instances      2351               11.755  %
Kappa statistic                          0.8777
Mean absolute error                      0.0101
Root mean squared error                  0.0892
Relative absolute error                 13.7048 %
Root relative squared error             46.4049 %
Total Number of Instances            20000     

Confusion Matrix
   a   b   c   d   e   f   g   h   i   j   k   l   m   n   o   p   q   r   s   t   u   v   w   x   y   z   <-- classified as
 667   2   8   1  12   2   9   0   1   0   9   3   7   9   2   8   0   2   0  26   0   5  10   3   5   5 |   a = T
   1 637   9   0   0  15   9   3   7   0  14   4   1  27   1   0   0   1  16   1   0   2   2   0   0   5 |   b = I
   0   0 725   4   2   2   7   0   2   2   4  11   8   1   4  20   2   1   2   0   0   0   2   3   2   1 |   c = D
   0   0  14 721   0   0   3   2   0   7   1   6   8   0   1  10   0   0   3   0   2   0   0   3   2   0 |   d = N
   1   1   7   0 643  13  12   3   0   3  10  14   5   5  14   4   0   4   2   8   0   3  11   1   8   1 |   e = G
   1   3   3   0   0 654  22   2   4   0   6   1   6   4   3   2   1   0   1  21   0   1   2   0   1  10 |   f = S
   0   0  12   0   3   4 697   0   0   0   7   1  26   2   1   1   0   0   1   6   0   3   2   0   0   0 |   g = B
   0   0   6   7   0   1   7 716   3   5   0   0   1   1   0   5   4   0   1   0   4  16   6   5   1   0 |   h = A
   1   9   3   4   0  18   6   6 611   0  16   6   3  27   3   3   0   0  10   3   0   5   2   0   0  11 |   i = J
   0   0   3   3   9   0  10   0   0 753   0   3   6   0   1   2   0   0   0   1   0   0   0   1   0   0 |   j = M
   2   2   7   0   2   2   1   0   1   0 742   3   0   2   0   0   0   0   0   6   0   1   1   2  13   0 |   k = X
   0   1  14   2  15   2   2   1   2   6   2 652   9   1   6  10   7   0   1   0   2   0  11   5   2   0 |   l = O
   0   0   7   7   2   1  20   0   1   0   8   2 681   0   2   9   0   0   1   0   0   0   3   0  14   0 |   m = R
  12   3  10   2   7  20   8   0   0   0   6   0   7 667   1   1   0   0  12   9   1   4   2   0   2   1 |   n = F
   1   0   0   1  17   0   2   0   2   1   0  12   0   0 639   7   1   8   0  20   0   0   9   3  13   0 |   o = C
   0   1  17   3   9   1  16   3   0   3   3   9  30  10   0 575   0   0   9   3   0   8   6   1  27   0 |   p = H
   0   0   3   6   5   0   4   0   0  20   0   3   8   1   1   3 676   0   0   1  11   3   1   5   1   0 |   q = W
   0   0   1   1   7  11   3   0   0   0  14   5  20   2   7   2   0 647   0  13   0   1  13   2   9   3 |   r = L
   0   2   1   0   9   6   2   1   0   0   1   3   5  27   1   0   0   0 724   7   1   3   9   0   1   0 |   s = P
   0   1   0   0  22   8   3   0   0   0   4   0   2   4   6   2   0   6   0 695   0   0   3   0   6   6 |   t = E
   0   0   4   3   5   0  18   1   0   1   0   4   6   4   0   0   4   0   0   0 703   9   1   0   1   0 |   u = V
  19   1   2   0   0   1   2   2   0   2   2   1   0   5   0   0   1   0   4   1   9 731   1   2   0   0 |   v = Y
   0   8   7   0  12  14   9   3   3   1   2  26   4   7   1   0   0   8   0   9   2   5 641   2   2  17 |   w = Q
   1   0   2   6   6   0   1   2   2  17   0   4   1   0   4   4   2   0   2   0   0   3   1 752   3   0 |   x = U
   0   0   2   0   1   2   5   2   0   0  11   1  28   0   5  14   0   0   0   3   0   0   1   2 662   0 |   y = K
   4   3   1   2   1  24   2   8   3   0   7   2   4   6   0   0   0   5   1  13   0   5   5   0   0 638 |   z = Z

-----------------------------------------------------------------------------
||                                  Result                                 ||
-----------------------------------------------------------------------------
|| ANN || Neurons: 27 Layers: 1 Epochs: 1600 Learning Rate: 3.25 Momentum: 2.5

Correctly Classified Instances       17074               85.37   %
Incorrectly Classified Instances      2926               14.63   %
Kappa statistic                          0.8478
Mean absolute error                      0.0126
Root mean squared error                  0.1009
Relative absolute error                 17.0622 %
Root relative squared error             52.4631 %
Total Number of Instances            20000     

Confusion Matrix
   a   b   c   d   e   f   g   h   i   j   k   l   m   n   o   p   q   r   s   t   u   v   w   x   y   z   <-- classified as
 662   2  12   0   5   5   7   0   2   0  16   1   5   9   2  10   0   4   3  15   5  17   0   4   7   3 |   a = T
   1 647  10   1   4   8  14   0  17   0  15   4   1   8   0   1   0   3   2   0   0   7   3   0   1   8 |   b = I
   1   0 714  11   2   1   7   2   1   1   6  10  12   2   0  18   0   1   0   0   0   1   2   5   7   1 |   c = D
   0   0  22 689   0   0   4   8   1  12   0   5   8   7   0  12   1   0   0   0   4   3   0   5   2   0 |   d = N
   0   2   7   3 559  21   5   9   0   1   5  20  18   2  10   3   3   6   7  23   3   7  33   1  25   0 |   e = G
   2   5   5   0   7 573  30   2   7   0   6   1   9   5   0   0   0  12   2  21   3  10   9   0   7  32 |   f = S
   0   3  19   1   1   5 686   0   0   0   3   1  18   2   0   1   0   7   4   7   0   1   4   0   2   1 |   g = B
   0   0  13   2   0   4   2 730   6   0   1   2   1   2   0   0   2   4   1   0   3   6   3   4   1   2 |   h = A
   0  12  15   4   0  12   2   5 626   1  22   1   0   8   2   1   0   1   3   1   0   3   8   7   0  13 |   i = J
   0   0   2  13   0   0  10   1   0 729   0   1   7   0   0   4  10   0   0   2   1   1   3   4   3   1 |   j = M
   4   3   7   1   3   3   3   1   0   0 694   0   4   3   1   2   0   5   1  15   0   7   3   3  21   3 |   k = X
   0   1  25  12   2   2   3   4   1   2   0 617  10   0   6   3  15   3   7   0   4   0  24  10   2   0 |   l = O
   1   0  12   7   0   4  28   8   1   4   8   3 625   4   0   3   0  10   3   2   0   1  10   0  24   0 |   m = R
  14  12   8   6   1  10  20   1   1   0   4   0   2 615   2   2   0   6  23  34   0   9   1   1   1   2 |   n = F
   3   2   0   0  12   8   3   8   0   2   2  15   2   2 576   5   2   9   0  37   4   1   9   7  27   0 |   o = C
   0   0  28  11   3   0  19   8   4   1   4   8  40   1   2 514   6   1   9   6   4  15   5   6  38   1 |   p = H
   0   0   1   6   0   0   3   0   0  12   0   0  21   0   0   1 684   1   4   1   8   0   2   2   6   0 |   q = W
   6   0   2   1  16   6  16   0   1   0  16   0   5   0   4   1   0 650   0  17   0   1   4   8   4   3 |   r = L
   1   2   6   1   6   1  11   2   0   0   0   2   1  31   0   1   2   2 706   7   0  10   9   0   2   0 |   s = P
   2   4   1   0   8  10   4   0   2   0  12   2   5   3   7   2   0   6   0 668   0   1  12   0   9  10 |   t = E
   0   0   6   4   0   1  16   2   1   0   0   0   7   1   0   3  18   1   6   2 668  25   2   1   0   0 |   u = V
   7   2   4   0   0   3   0   1   1   1   2   0   0   5   0   0   2   0   8   0  11 726   6   5   1   1 |   v = Y
   1   2   6   0   3   1   9   9   2   0   0  17   3   0   1   0   2  11   8  15   0   2 679   0   1  11 |   w = Q
   0   0   1   8   1   1   1   5   0  22   0   4   3   1   2   8  14   1   3   0   4   2   2 726   4   0 |   x = U
   1   0   6   4   2   3   7   1   1   0  13   0  31   0   2   9   0   2   0   4   0   0   0   1 652   0 |   y = K
   2   0   7   0   0  24   0   0   6   0   7   0   1   5   0   0   0   3   0   8   0   3   9   0   0 659 |   z = Z

-----------------------------------------------------------------------------
||                                  Result                                 ||
-----------------------------------------------------------------------------
|| ANN || Neurons: 25 Layers: 2 Epochs: 1000 Learning Rate: 1.0 Momentum: 2.25

Correctly Classified Instances       16360               81.8    %
Incorrectly Classified Instances      3640               18.2    %
Kappa statistic                          0.8107
Mean absolute error                      0.0147
Root mean squared error                  0.1128
Relative absolute error                 19.9181 %
Root relative squared error             58.6591 %
Total Number of Instances            20000     

Confusion Matrix
   a   b   c   d   e   f   g   h   i   j   k   l   m   n   o   p   q   r   s   t   u   v   w   x   y   z   <-- classified as
 623   1   4   1   8   7   7   0   0   1  13   3   1  18   2  14   0   2   0  22  12  33  10   2   4   8 |   a = T
  21 605  11   1   0  13   8   0   7   1  19   7   2  16   0   0   0   3   3   4   0   5   5   8   1  15 |   b = I
   0   1 641  14   3   7  25   4   4   3  10  21  13  10   0  26   0   2   2   1   0   2   1   5   2   8 |   c = D
   0   0  16 672   1   0   6   2   1   4   0  17   5   5   1  21   8   0   1   0   0   4   0  11   7   1 |   d = N
   1   4   5   1 548  10  15   6   1   0  11  14  21   6  11   7  19   3   4  13   0   7  34   7  20   5 |   e = G
   0   1   5   0   4 578  32   0   4   0  19   7   4  10   2   1   0  13   1  21   0   8   3   1   3  31 |   f = S
   0   0  21   0   8  19 622   2   0   0   7   6  26   9   1  12   1   0   2  10   0   5   4   0   8   3 |   g = B
   0   1   4   3   1   6   4 696   7   7   6   2   7   2   0   5   3   3   3   0   1  11   2   8   6   1 |   h = A
   5  17   9   3   3   9  11   3 620   1   9   7   1  13   2   4   0   0   2   4   1   5   4   2   0  12 |   i = J
   0   0   1  11   2   0   7   4   0 727   0   2   3   1   4   4   8   0   1   0   0   2   1  12   2   0 |   j = M
   3   7  10   0   1  13   6   0   2   0 678   3   2   2   1   3   1   1   0  13   2   6   5   1  15  12 |   k = X
   0   0  20   8   9   5   1   3   0   4   1 597  17   0   4   9  13   3   5   1   3   1  34   9   6   0 |   l = O
   0   0  16  13   5   2  36   6   1   3   7   4 596   7   0  15   4   0   1   6   0   0   5   4  27   0 |   m = R
  18   6   9   1   4   4  15   1   2   0   6   0   4 630   4   7   2   0  29  11   1   7   1   4   2   7 |   n = F
   2   1   0   1  34   4   4   4   4   4   3  15   1   7 570   9   1   5   0  26   1   2   8  11  17   2 |   o = C
   0   3  17  16   8   1  16   4   1   4   7  33  39   5   1 499   5   1   2   9   4  17   8  10  21   3 |   p = H
   0   0   0  19   8   0   4   3   0   9   0   0   2   2   2   4 677   0   1   2   2   8   3   3   3   0 |   q = W
   0   0   3   0  16   9   3   1   1   0  13   2   7   6   9   7   0 628   0  24   1   1  11   4  14   1 |   r = L
   1   0   9   3   4   5  10   0   0   0   0   6   5  44   2   0   4   1 682   6   2  10   3   2   4   0 |   s = P
   2   2   0   0  21  26  12   0   0   0  13   1  10   5  12   4   3   1   0 610   2   2  14   1  15  12 |   t = E
   6   0   0   5   3   0   9   8   1   4   1   3   1   4   2   3  20   0   6   5 643  30   5   2   2   1 |   u = V
  25   0   3   3   1   8   4   3   1   2   1   0   0   9   3   2   0   0   2   0  17 685   8   3   0   6 |   v = Y
   1   1   7   0  28   9  10   7   0   0   6  27  11   2   6   3   1  10   4  26   4   7 588   4   5  16 |   w = Q
   2   1   5  18   4   0   1   2   0  17   0   9   3   0   7  10   7   0   0   0   0   5   7 711   4   0 |   x = U
   0   0   4   1   8   2   7   2   0   0  27   1  25   3   3  24   1   1   0   7   5   0   0   4 614   0 |   y = K
   4   0   1   0   2  39   2   2   6   0  15   1   4   9   0   1   0   2   0  17   0   4   5   0   0 620 |   z = Z

-----------------------------------------------------------------------------
||                                  Result                                 ||
-----------------------------------------------------------------------------
|| ANN || Neurons: 36 Layers: 1 Epochs: 1800 Learning Rate: 2.0 Momentum: 2.75

Correctly Classified Instances       17331               86.655  %
Incorrectly Classified Instances      2669               13.345  %
Kappa statistic                          0.8612
Mean absolute error                      0.0113
Root mean squared error                  0.0971
Relative absolute error                 15.2886 %
Root relative squared error             50.4909 %
Total Number of Instances            20000     

Confusion Matrix
   a   b   c   d   e   f   g   h   i   j   k   l   m   n   o   p   q   r   s   t   u   v   w   x   y   z   <-- classified as
 671   0   6   2  17   4   4   0   0   0   8   0   1   7   0  12   2   4   0  25   2  11   1   5   2  12 |   a = T
   0 643  12   1   0  18   1   1  20   0  13   4   1   6   4   0   0   6  12   1   0   3   3   0   0   6 |   b = I
   1   0 712   7   1   3  12   7   0   5   8   4  12   2   0  16   1   3   3   0   0   0   0   7   1   0 |   c = D
   0   0   7 713   0   0   3   8   1   8   0  11   4   6   0   9   4   0   2   0   0   0   0   5   2   0 |   d = N
   0   6   5   6 591   5  14  12   4   4  11   5   5   9   9  13   6   6   7   7   2   2  27   3  14   0 |   e = G
   1  12  10   0   0 571  15   8  10   0   9   0   9  10   0   0   0  19   4  28   0  10  14   0   2  16 |   f = S
   0   2  13   0   1   9 685   0   1   0   3   3  21   6   0   6   0   0   4   1   0   4   0   0   6   1 |   g = B
   0   0   2   3   1   2   2 731  10   5   0   1   2   1   0   0   1   3   1   1   1   8   6   2   2   4 |   h = A
   2   4   2   1   1   9   2   4 668   0  13   0   2   8   0   5   0   2   3   2   0   3   2   4   0  10 |   i = J
   0   0   0   9   0   0  13   0   0 729   0   3   2   5   0   8  14   0   0   2   0   0   0   3   4   0 |   j = M
   3   2   7   0   4   2   2   1   1   0 734   3   1   1   0   0   0   4   0   6   0   2   1   0  12   1 |   k = X
   0   0  19   8   6   1   5   7   3   7   1 605   5   0   7   8  26   3   6   0   2   0  22  10   2   0 |   l = O
   1   0  13  20   7   0  23   6   1   4   8   0 619   7   2   9   4   6   4   1   0   1   4   0  18   0 |   m = R
  18  10   1   5   2   9  17   3   5   0   4   0   1 639   1   6   1   2  28   7   0   9   4   1   2   0 |   n = F
   0   1   0   1  23   1   0   6   0   6   4  11   2   0 588   6   4  13   0  39   2   0   3  10  16   0 |   o = C
   0   1  22  13   7   3  27   5   2   0   9   8  29   3   2 544   1   0   9   5   8   6   4   5  19   2 |   p = H
   0   0   1   6   0   0  13   1   0  10   0   0   1   2   0   4 705   0   3   0   0   3   0   2   1   0 |   q = W
   0   2   2   0  13   4   1   9   0   0   6   1   5   0   0   5   1 670   0  20   0   2   9   1  10   0 |   r = L
   1   2   4   0  13   2   6   0   0   0   0   5   1  30   0   0   2   0 716   3   2   6   9   0   1   0 |   s = P
   1   5   0   0  21   3   5   0   0   0   8   1   1   4   2   3   0   1   0 695   0   0   4   0   7   7 |   t = E
   0   0   2   4   2   0  19   4   0   1   0   0   2   3   0   8  25   0   6   2 671  13   0   1   1   0 |   u = V
  14   1   1   1   3   5   4   0   2   1   2   0   0   3   0   0   3   1   7   0  11 719   4   2   0   2 |   v = Y
   0   1   3   0   7   4   8   5   2   0   0  14   5   0   1   0   2  12   2   4   1   2 701   0   1   8 |   w = Q
   0   0   2   2   0   0   4  14   3  17   1   5   0   0   3   3  12   0   2   1   2   0   0 740   2   0 |   x = U
   1   0   6   8   3   0   6   7   0   2  17   0  21   0   1  14   1   3   0  11   1   2   1   2 631   1 |   y = K
   1   1   1   0   0  30   3   4  10   0  15   0   2   3   0   0   0   5   3   6   0   1   9   0   0 640 |   z = Z

-----------------------------------------------------------------------------
||                                  Result                                 ||
-----------------------------------------------------------------------------
|| ANN || Neurons: 36 Layers: 2 Epochs: 800 Learning Rate: 3.0 Momentum: 2.25

Correctly Classified Instances       17649               88.245  %
Incorrectly Classified Instances      2351               11.755  %
Kappa statistic                          0.8777
Mean absolute error                      0.0099
Root mean squared error                  0.0897
Relative absolute error                 13.4102 %
Root relative squared error             46.6575 %
Total Number of Instances            20000     

Confusion Matrix
   a   b   c   d   e   f   g   h   i   j   k   l   m   n   o   p   q   r   s   t   u   v   w   x   y   z   <-- classified as
 663   0   6   0  13  10  14   1   0   0   5   2   8   7   4  11   0   1   0  17   1   8   4   2   5  14 |   a = T
   1 685   5   0   0  13   4   2   7   0  13   0   1  10   4   0   0   0   2   4   0   0   1   1   0   2 |   b = I
   0   0 725   8   0   5  12   1   1   1   4   4  11   0   0  17   0   2   5   0   0   0   0   7   1   1 |   c = D
   0   0  12 726   2   0   0   2   1   1   0  11  10   0   1   9   1   0   0   0   0   1   0   2   4   0 |   d = N
   0   6   6   3 668   8  10   5   0   1   1   7   6   2  16   1   1   2   2   7   2   4   4   3   8   0 |   e = G
   1   1   3   0   2 696   6   0   3   0   2   2   5   5   0   0   1   1   0   9   0   1   1   0   1   8 |   f = S
   0   2  12   2   4  10 686   0   0   0   3   0  27   0   0   2   0   0   0   7   0   1   2   1   3   4 |   g = B
   0   0   2   0   2   6   1 737   1   4   0   3   0   1   0   0   1   2   2   2   0  14   2   6   2   1 |   h = A
   0  29   7   3   1  22   3   9 585   0  15   6   6  20   0   6   0   0   9   4   1   6   2   1   1  11 |   i = J
   0   0   0   4  13   0   4   2   0 740   0   0   3   1   3   1   7   0   0   5   1   0   0   5   3   0 |   j = M
   1   1   5   0   5   3   2   1   1   0 723   1   4   1   0   0   0   0   0   5   1   3   2   2  23   3 |   k = X
   0   2  12   3  12   4   0   4   0   7   1 634   6   0   1   5  22   7   4   0   4   0  11  11   3   0 |   l = O
   0   1   6   9   3   1  20   7   0   3   0   3 681   1   0   7   0   0   1   5   0   0   1   1   8   0 |   m = R
  11  10   7   3   3   7  10   0   0   0   2   1   2 676   4   3   0   1  12  15   1   2   0   2   1   2 |   n = F
   1   3   0   0  27   1   0   4   1   2   1  16   3   0 626   5   1   2   1  16   0   0   2  13  11   0 |   o = C
   0   4  16  10   8   3  20   3   3   2   4   8  32   4   1 555   0   2   7   3   2   4   2   6  31   4 |   p = H
   1   0   0  14   5   0   4   3   0  15   0   2   6   1   0   3 674   0   2   2   5   0   4   8   3   0 |   q = W
   2   0   2   5  12  11   5   9   0   1  12   0   7   3   6   5   0 647   0  19   0   1   2   4   6   2 |   r = L
   0   4   3   0   4   4   6   1   0   0   0   4   8  28   1   0   0   0 721   3   2   5   7   0   2   0 |   s = P
   0   0   1   0  18  12   4   0   0   0   4   1   4   4  10   2   0   0   0 697   0   0   2   0   5   4 |   t = E
   0   1   1   8   6   0  15   3   0   2   1   0   7   2   2   3  13   0   1   5 676  13   2   2   1   0 |   u = V
  12   0   1   0   1   1   1   2   0   1   2   0   1   5   0   1   2   0   4   0  17 733   0   2   0   0 |   v = Y
   2   9   6   1  24  11   7   6   0   0   5  14   6   2   0   0   1  18   2  14   1   0 613   3   4  34 |   w = Q
   0   0   2   6   2   0   2   5   0  15   0   5   2   1   3   9   3   0   0   0   0   2   1 752   3   0 |   x = U
   1   0   1   2   2   1   3   3   0   3   7   1  23   0   0  13   0   0   0   3   1   0   0   2 673   0 |   y = K
   1   8   0   0   1  18   0  10   1   0   5   0   5   5   1   0   0   2   0  13   0   3   3   0   1 657 |   z = Z

-----------------------------------------------------------------------------
||                                  Result                                 ||
-----------------------------------------------------------------------------
|| ANN || Neurons: 25 Layers: 2 Epochs: 2000 Learning Rate: 3.25 Momentum: 2.25

Correctly Classified Instances       16841               84.205  %
Incorrectly Classified Instances      3159               15.795  %
Kappa statistic                          0.8357
Mean absolute error                      0.0131
Root mean squared error                  0.1043
Relative absolute error                 17.6833 %
Root relative squared error             54.2504 %
Total Number of Instances            20000     

Confusion Matrix
   a   b   c   d   e   f   g   h   i   j   k   l   m   n   o   p   q   r   s   t   u   v   w   x   y   z   <-- classified as
 638   2   5   1  14   8  10   0   0   0  12   3   8  15   0   7   0   2   0  20   7  22   3   1   9   9 |   a = T
   1 635   9   1   6  12   8   3   8   1   9   5   0  20   3   0   0   6   9   2   0   3   3   0   2   9 |   b = I
   0   0 687  11   0   6  27   0   4   4   5   7   9   0   0  26   0   2   5   0   0   1   0   4   5   2 |   c = D
   0   0  23 681   0   1   3   4   2  11   1   7  11   6   0  12   4   0   1   0   0   0   0  11   5   0 |   d = N
   0   2  10   3 562   5  14   5   0   3   0  13  37   4  18   3   8  10   3  18   4   3  22   5  17   4 |   e = G
   6  10   6   2  10 574  23   4   3   0   9   2   4  18   4   5   0  13   1  18   2   6   2   0   1  25 |   f = S
   0   0  21   3   0  12 676   0   0   0   5   0  18   4   0   2   2   2   5   6   2   1   1   0   6   0 |   g = B
   0   2   4  10   1   3   1 702   5  11   4   3   6   3   0   2   0   1   3   1   3   8   2   3   5   6 |   h = A
   1  22   6   4   1  10  11   8 608   2  12   3   2  11   3   2   0   1  10   4   0   2   3   5   0  16 |   i = J
   0   0   4   7   1   0   7   3   0 739   0   0  10   0   0   4   6   0   1   0   0   1   3   4   2   0 |   j = M
   2   0   5   0   5  11   5   1   1   0 709   1   0   5   2   1   0   3   0   7   0   6   0   0  20   3 |   k = X
   1   1  16   7   8   2   5   5   3   3   1 579  18   2   0  14  13   6  10   0   9   0  37  13   0   0 |   l = O
   1   0  13  12   1   3  38   3   1   2   5   5 640   2   0  11   0   1   1   2   0   0   1   0  16   0 |   m = R
  14  12   3   2   5  16  14   1   1   0   5   0  13 617   3   3   3   2  34   8   0  10   0   0   1   8 |   n = F
   0   1   0   0  29   0   3   1   0   5   2  10   9   2 567  19   7   0   6  33   6   0   2  14  19   1 |   o = C
   0   0  26  21   5   6  15   1   2   1   4   6  34   6   0 540   5   1   6   3   2   7   6   8  27   2 |   p = H
   0   0   0   6   2   0   5   1   0  10   0   0   6   0   0   1 695   0   2   2   7   1   1   7   6   0 |   q = W
   0   0   4   0  13   7  11   3   1   1  26   5  12   1   2   3   0 640   0  13   5   1   4   0   7   2 |   r = L
   2   1   4   1   7   1   8   2   0   0   0   1   6  30   0   3   2   2 717   5   1   4   4   1   0   1 |   s = P
   1   0   3   0   9  17  17   0   0   0  14   0  15   4   8   2   1   9   2 633   0   1   9   1  10  12 |   t = E
   3   1   1   6   4   2  12   0   0   1   0   0   5   3   0   6  19   0   6   2 673  17   1   1   1   0 |   u = V
   9   0   1   0   0   4   0   1   0   3   3   1   0   4   1   0   2   0   5   0  16 727   5   2   0   2 |   v = Y
   0   3   7   0  17   2  13   5   3   1   2  29   6   2   8   1   0  23   2  20   2   4 586   4  14  29 |   w = Q
   0   0   4  10   3   0   2   0   2  16   0  10   7   1   4  11   3   1   0   1   3   1   3 727   4   0 |   x = U
   0   1   3   4   6   3   8   1   2   3  20   0  36   0   3  17   2   3   0   1   1   0   2   8 615   0 |   y = K
   1   1   6   0   0  15   1   1   5   0   8   0   1   1   1   0   0   5   2   9   0   0   3   0   0 674 |   z = Z

-----------------------------------------------------------------------------
