||                                  Result                                 ||
-----------------------------------------------------------------------------
|| ANN || Neurons: 41 Layers: 2 Epochs: 1000 Learning Rate: 2.0 Momentum: 1.0

Correctly Classified Instances         813                4.065  %
Incorrectly Classified Instances     19187               95.935  %
Kappa statistic                          0     
Mean absolute error                      0.074 
Root mean squared error                  0.1923
Relative absolute error                100      %
Root relative squared error            100      %
Total Number of Instances            20000     

Confusion Matrix
   a   b   c   d   e   f   g   h   i   j   k   l   m   n   o   p   q   r   s   t   u   v   w   x   y   z   <-- classified as
   0   0   0   0   0   0   0   0   0   0   0   0   0   0   0   0   0   0   0   0   0   0   0 796   0   0 |   a = T
   0   0   0   0   0   0   0   0   0   0   0   0   0   0   0   0   0   0   0   0   0   0   0 755   0   0 |   b = I
   0   0   0   0   0   0   0   0   0   0   0   0   0   0   0   0   0   0   0   0   0   0   0 805   0   0 |   c = D
   0   0   0   0   0   0   0   0   0   0   0   0   0   0   0   0   0   0   0   0   0   0   0 783   0   0 |   d = N
   0   0   0   0   0   0   0   0   0   0   0   0   0   0   0   0   0   0   0   0   0   0   0 773   0   0 |   e = G
   0   0   0   0   0   0   0   0   0   0   0   0   0   0   0   0   0   0   0   0   0   0   0 748   0   0 |   f = S
   0   0   0   0   0   0   0   0   0   0   0   0   0   0   0   0   0   0   0   0   0   0   0 766   0   0 |   g = B
   0   0   0   0   0   0   0   0   0   0   0   0   0   0   0   0   0   0   0   0   0   0   0 789   0   0 |   h = A
   0   0   0   0   0   0   0   0   0   0   0   0   0   0   0   0   0   0   0   0   0   0   0 747   0   0 |   i = J
   0   0   0   0   0   0   0   0   0   0   0   0   0   0   0   0   0   0   0   0   0   0   0 792   0   0 |   j = M
   0   0   0   0   0   0   0   0   0   0   0   0   0   0   0   0   0   0   0   0   0   0   0 787   0   0 |   k = X
   0   0   0   0   0   0   0   0   0   0   0   0   0   0   0   0   0   0   0   0   0   0   0 753   0   0 |   l = O
   0   0   0   0   0   0   0   0   0   0   0   0   0   0   0   0   0   0   0   0   0   0   0 758   0   0 |   m = R
   0   0   0   0   0   0   0   0   0   0   0   0   0   0   0   0   0   0   0   0   0   0   0 775   0   0 |   n = F
   0   0   0   0   0   0   0   0   0   0   0   0   0   0   0   0   0   0   0   0   0   0   0 736   0   0 |   o = C
   0   0   0   0   0   0   0   0   0   0   0   0   0   0   0   0   0   0   0   0   0   0   0 734   0   0 |   p = H
   0   0   0   0   0   0   0   0   0   0   0   0   0   0   0   0   0   0   0   0   0   0   0 752   0   0 |   q = W
   0   0   0   0   0   0   0   0   0   0   0   0   0   0   0   0   0   0   0   0   0   0   0 761   0   0 |   r = L
   0   0   0   0   0   0   0   0   0   0   0   0   0   0   0   0   0   0   0   0   0   0   0 803   0   0 |   s = P
   0   0   0   0   0   0   0   0   0   0   0   0   0   0   0   0   0   0   0   0   0   0   0 768   0   0 |   t = E
   0   0   0   0   0   0   0   0   0   0   0   0   0   0   0   0   0   0   0   0   0   0   0 764   0   0 |   u = V
   0   0   0   0   0   0   0   0   0   0   0   0   0   0   0   0   0   0   0   0   0   0   0 786   0   0 |   v = Y
   0   0   0   0   0   0   0   0   0   0   0   0   0   0   0   0   0   0   0   0   0   0   0 783   0   0 |   w = Q
   0   0   0   0   0   0   0   0   0   0   0   0   0   0   0   0   0   0   0   0   0   0   0 813   0   0 |   x = U
   0   0   0   0   0   0   0   0   0   0   0   0   0   0   0   0   0   0   0   0   0   0   0 739   0   0 |   y = K
   0   0   0   0   0   0   0   0   0   0   0   0   0   0   0   0   0   0   0   0   0   0   0 734   0   0 |   z = Z

-----------------------------------------------------------------------------
||                                  Result                                 ||
-----------------------------------------------------------------------------
|| ANN || Neurons: 41 Layers: 2 Epochs: 1200 Learning Rate: 3.25 Momentum: 1.0

Correctly Classified Instances         813                4.065  %
Incorrectly Classified Instances     19187               95.935  %
Kappa statistic                          0     
Mean absolute error                      0.074 
Root mean squared error                  0.1923
Relative absolute error                100      %
Root relative squared error            100      %
Total Number of Instances            20000     

Confusion Matrix
   a   b   c   d   e   f   g   h   i   j   k   l   m   n   o   p   q   r   s   t   u   v   w   x   y   z   <-- classified as
   0   0   0   0   0   0   0   0   0   0   0   0   0   0   0   0   0   0   0   0   0   0   0 796   0   0 |   a = T
   0   0   0   0   0   0   0   0   0   0   0   0   0   0   0   0   0   0   0   0   0   0   0 755   0   0 |   b = I
   0   0   0   0   0   0   0   0   0   0   0   0   0   0   0   0   0   0   0   0   0   0   0 805   0   0 |   c = D
   0   0   0   0   0   0   0   0   0   0   0   0   0   0   0   0   0   0   0   0   0   0   0 783   0   0 |   d = N
   0   0   0   0   0   0   0   0   0   0   0   0   0   0   0   0   0   0   0   0   0   0   0 773   0   0 |   e = G
   0   0   0   0   0   0   0   0   0   0   0   0   0   0   0   0   0   0   0   0   0   0   0 748   0   0 |   f = S
   0   0   0   0   0   0   0   0   0   0   0   0   0   0   0   0   0   0   0   0   0   0   0 766   0   0 |   g = B
   0   0   0   0   0   0   0   0   0   0   0   0   0   0   0   0   0   0   0   0   0   0   0 789   0   0 |   h = A
   0   0   0   0   0   0   0   0   0   0   0   0   0   0   0   0   0   0   0   0   0   0   0 747   0   0 |   i = J
   0   0   0   0   0   0   0   0   0   0   0   0   0   0   0   0   0   0   0   0   0   0   0 792   0   0 |   j = M
   0   0   0   0   0   0   0   0   0   0   0   0   0   0   0   0   0   0   0   0   0   0   0 787   0   0 |   k = X
   0   0   0   0   0   0   0   0   0   0   0   0   0   0   0   0   0   0   0   0   0   0   0 753   0   0 |   l = O
   0   0   0   0   0   0   0   0   0   0   0   0   0   0   0   0   0   0   0   0   0   0   0 758   0   0 |   m = R
   0   0   0   0   0   0   0   0   0   0   0   0   0   0   0   0   0   0   0   0   0   0   0 775   0   0 |   n = F
   0   0   0   0   0   0   0   0   0   0   0   0   0   0   0   0   0   0   0   0   0   0   0 736   0   0 |   o = C
   0   0   0   0   0   0   0   0   0   0   0   0   0   0   0   0   0   0   0   0   0   0   0 734   0   0 |   p = H
   0   0   0   0   0   0   0   0   0   0   0   0   0   0   0   0   0   0   0   0   0   0   0 752   0   0 |   q = W
   0   0   0   0   0   0   0   0   0   0   0   0   0   0   0   0   0   0   0   0   0   0   0 761   0   0 |   r = L
   0   0   0   0   0   0   0   0   0   0   0   0   0   0   0   0   0   0   0   0   0   0   0 803   0   0 |   s = P
   0   0   0   0   0   0   0   0   0   0   0   0   0   0   0   0   0   0   0   0   0   0   0 768   0   0 |   t = E
   0   0   0   0   0   0   0   0   0   0   0   0   0   0   0   0   0   0   0   0   0   0   0 764   0   0 |   u = V
   0   0   0   0   0   0   0   0   0   0   0   0   0   0   0   0   0   0   0   0   0   0   0 786   0   0 |   v = Y
   0   0   0   0   0   0   0   0   0   0   0   0   0   0   0   0   0   0   0   0   0   0   0 783   0   0 |   w = Q
   0   0   0   0   0   0   0   0   0   0   0   0   0   0   0   0   0   0   0   0   0   0   0 813   0   0 |   x = U
   0   0   0   0   0   0   0   0   0   0   0   0   0   0   0   0   0   0   0   0   0   0   0 739   0   0 |   y = K
   0   0   0   0   0   0   0   0   0   0   0   0   0   0   0   0   0   0   0   0   0   0   0 734   0   0 |   z = Z

-----------------------------------------------------------------------------
||                                  Result                                 ||
-----------------------------------------------------------------------------
|| ANN || Neurons: 41 Layers: 2 Epochs: 1000 Learning Rate: 4.0 Momentum: 2.75

Correctly Classified Instances       18005               90.025  %
Incorrectly Classified Instances      1995                9.975  %
Kappa statistic                          0.8963
Mean absolute error                      0.0085
Root mean squared error                  0.0826
Relative absolute error                 11.4523 %
Root relative squared error             42.939  %
Total Number of Instances            20000     

Confusion Matrix
   a   b   c   d   e   f   g   h   i   j   k   l   m   n   o   p   q   r   s   t   u   v   w   x   y   z   <-- classified as
 680   2   4   3   9   3  10   0   1   0  11   4   7   7   6   5   0   1   0  17   0   8   6   2   3   7 |   a = T
   2 675   3   0   0  13   1   0  13   0  10   5   0  14   1   0   0   0   8   2   0   3   1   1   1   2 |   b = I
   0   1 732   7   0   4   7   0   3   2   3   7   4   2   0  16   1   2   2   0   0   0   4   5   3   0 |   c = D
   0   0   8 731   1   0   0   0   3   8   0   6  11   0   1   7   3   0   0   0   0   0   1   3   0   0 |   d = N
   0   3   7   0 689   2   4   0   0   1   1  13   4   2   9   5   2   2   2   8   0   3   9   3   3   1 |   e = G
   0   3   1   0   3 698  11   2   4   0   0   1   1   4   0   1   0   2   1   8   0   1   1   0   2   4 |   f = S
   0   2   7   3   1   9 705   1   1   0   2   1  22   1   0   2   0   0   0   2   0   2   0   2   3   0 |   g = B
   0   1   3   7   3   3   3 728   4   3   0   1   1   0   0   0   2   1   2   0   0   9   6   2   0  10 |   h = A
   3  12   3   5   0  12   3   1 632   0   8   2   2  15   0   6   0   0  10   3   1   2   1   3   0  23 |   i = J
   0   0   2  11  12   0   7   0   1 740   0   1   5   0   1   0   3   0   0   2   0   1   1   3   2   0 |   j = M
   3   0   1   0   0   3   1   0   3   0 744   1   2   5   1   0   0   0   0   6   1   1   1   2  12   0 |   k = X
   0   0  10   3   7   2   1   2   3   2   1 656   5   0   3   5  20   0   4   0   0   1  22   5   0   1 |   l = O
   0   0  11   5   7   5  18   2   1   0   3   2 671   0   0  11   1   0   1   1   0   0   5   1  13   0 |   m = R
   7   6   1   2   2   6   8   1   6   1   3   0   5 673  12   4   1   0  19  10   0   0   1   1   5   1 |   n = F
   0   0   1   0  13   1   1   3   0   0   3   6   5   0 652   5   1   5   0  17   0   0   5  11   7   0 |   o = C
   0   0  14   7  12   5  11   6   2   0   2   2  21   3   4 596   0   0   4   0   2   5   5   5  24   4 |   p = H
   0   0   1   9   6   0   5   1   0   8   0   0  10   0   1   3 693   0   0   1   0   1   0  10   3   0 |   q = W
   0   2   2   4  13  11   2   3   0   0  20   0  15   1   7   4   0 648   0   9   0   0   6   1   7   6 |   r = L
   0   0   1   0   7   1   4   3   3   0   0   1   6  25   0   0   1   0 728  13   0   2   8   0   0   0 |   s = P
   2   0   0   0  24   6   6   0   0   0   5   1   4   0   7   0   0   1   0 696   0   1   2   2   3   8 |   t = E
   1   0   1   5   7   0  17   0   0   0   0   1  10   0   0   2  11   0   2   1 690  10   1   4   1   0 |   u = V
  11   0   2   0   4   2   2   1   0   1   2   0   0   5   0   0   0   0   3   0   5 738   3   5   0   2 |   v = Y
   0   4   7   1  11   9  12   1   2   0   1  11   3   3   2   1   2   7   2  15   0   2 659   1   0  27 |   w = Q
   0   0   1   5   1   0   1   1   1   6   0   4   0   1   2   3   7   0   0   1   2   0   0 773   4   0 |   x = U
   0   0   3   0   1   0   0   1   1   1   8   0  16   0   0  12   0   0   1   1   0   0   0   5 689   0 |   y = K
   0   1   2   0   0  15   0   0   5   0   3   0   0   1   1   0   0   4   0   9   0   2   1   0   1 689 |   z = Z

-----------------------------------------------------------------------------
||                                  Result                                 ||
-----------------------------------------------------------------------------
|| ANN || Neurons: 42 Layers: 2 Epochs: 1600 Learning Rate: 1.75 Momentum: 1.75

Correctly Classified Instances       17831               89.155  %
Incorrectly Classified Instances      2169               10.845  %
Kappa statistic                          0.8872
Mean absolute error                      0.009 
Root mean squared error                  0.0872
Relative absolute error                 12.178  %
Root relative squared error             45.3374 %
Total Number of Instances            20000     

Confusion Matrix
   a   b   c   d   e   f   g   h   i   j   k   l   m   n   o   p   q   r   s   t   u   v   w   x   y   z   <-- classified as
 668   1   5   6   7   3  10   3   1   0  12   1   8   7   4   8   0   0   0  18   0   8   3   7   5  11 |   a = T
   2 688   2   2   0  12   1   3   6   0   9   0   3   8   2   0   0   0   2   6   0   5   2   0   0   2 |   b = I
   0   1 739   3   1   3   7   1   4   4   3   9   6   1   0  10   0   1   2   0   0   0   0   7   3   0 |   c = D
   0   0  11 732   0   0   0   0   2   4   0  10   6   1   0   6   0   0   1   0   0   1   2   4   3   0 |   d = N
   2   2   6   0 653   8  10   5   5   1   2  18   3   4  10   1   1  10   3   6   0   0  15   1   6   1 |   e = G
   2   3   3   0   1 677   6   1   3   0   6   1   3   5   0   2   0   7   2  14   0   3   1   0   3   5 |   f = S
   0   0  10   0   3   3 691   1   1   0   3   1  26   1   1   1   2   0   3   7   0   2   0   4   6   0 |   g = B
   0   1   3   7   2   5   1 730   3   1   1   0   2   1   1   4   0   5   1   0   0   8   5   4   1   3 |   h = A
   2  12   1   1   0  15   0   8 646   1  10   0   1  17   7   3   0   1   4   5   0   3   3   4   1   2 |   i = J
   0   0   1  13   7   1   4   0   0 738   0   2   7   0   0   2   5   0   0   4   1   0   1   3   3   0 |   j = M
   1   0   5   0   0   4   0   0   1   0 748   1   1   4   2   0   0   0   0   2   1   1   0   1  13   2 |   k = X
   0   0   7   2   7   2   0   7   3   4   0 664  13   0   1  10   9   3   1   0   0   0  14   5   1   0 |   l = O
   0   0   4  11   5   0  16   2   1   1   1   2 679   1   0   7   1   0   1   4   0   0   6   1  15   0 |   m = R
   9   2   3   6   2   7   6   0   3   0   4   1   3 684   3   2   1   0  16  15   1   3   0   0   2   2 |   n = F
   0   2   0   4  23   0   1   2   1   2   0   8   3   0 634  11   0   3   0  19   1   0   3   7  12   0 |   o = C
   1   0  15   6   9   3  11   5   7   2   2   3  23   6   0 582   2   1   1   2   2   9   8   7  27   0 |   p = H
   0   0   1   5   6   0   3   0   0  13   0   2   3   0   1   1 703   0   0   2   1   0   3   6   2   0 |   q = W
   0   2   3   5   9   7   9   8   0   0  14   0  12   2  10   3   0 643   0  16   1   3   3   4   7   0 |   r = L
   0   3   1   2   5   2   9   1   0   0   0   3   5  27   0   1   1   0 722   7   1   2   5   3   3   0 |   s = P
   1   2   1   0  24   6   8   0   1   0   2   1   0   1   6   0   0   1   0 690   0   2   6   0   8   8 |   t = E
   1   0   2   9   6   0  15   2   1   1   0   4   1   0   1   3  14   0   3   3 678   7   0  11   2   0 |   u = V
  10   0   0   2   0   2   1   2   0   1   3   0   0   5   0   1   1   0   1   0   8 744   4   1   0   0 |   v = Y
   2   2   7   0   9  11  10   5   4   0   2  21   2   4   1   0   1  13   2  22   2   4 627   2   2  28 |   w = Q
   0   0   1   8   2   0   2   1   0   8   0   2   0   0   1   3   5   0   1   0   1   3   2 769   4   0 |   x = U
   0   0   1   1   6   2   0   0   0   2  12   1  14   0   3   7   0   1   1   4   0   0   1   2 681   0 |   y = K
   7   3   1   1   0  28   2   5   9   0  10   0   0   3   1   1   0   7   1  17   0   6  10   0   1 621 |   z = Z

-----------------------------------------------------------------------------
||                                  Result                                 ||
-----------------------------------------------------------------------------
|| ANN || Neurons: 42 Layers: 2 Epochs: 1600 Learning Rate: 1.25 Momentum: 2.25

Correctly Classified Instances       17831               89.155  %
Incorrectly Classified Instances      2169               10.845  %
Kappa statistic                          0.8872
Mean absolute error                      0.009 
Root mean squared error                  0.0872
Relative absolute error                 12.178  %
Root relative squared error             45.3374 %
Total Number of Instances            20000     

Confusion Matrix
   a   b   c   d   e   f   g   h   i   j   k   l   m   n   o   p   q   r   s   t   u   v   w   x   y   z   <-- classified as
 668   1   5   6   7   3  10   3   1   0  12   1   8   7   4   8   0   0   0  18   0   8   3   7   5  11 |   a = T
   2 688   2   2   0  12   1   3   6   0   9   0   3   8   2   0   0   0   2   6   0   5   2   0   0   2 |   b = I
   0   1 739   3   1   3   7   1   4   4   3   9   6   1   0  10   0   1   2   0   0   0   0   7   3   0 |   c = D
   0   0  11 732   0   0   0   0   2   4   0  10   6   1   0   6   0   0   1   0   0   1   2   4   3   0 |   d = N
   2   2   6   0 653   8  10   5   5   1   2  18   3   4  10   1   1  10   3   6   0   0  15   1   6   1 |   e = G
   2   3   3   0   1 677   6   1   3   0   6   1   3   5   0   2   0   7   2  14   0   3   1   0   3   5 |   f = S
   0   0  10   0   3   3 691   1   1   0   3   1  26   1   1   1   2   0   3   7   0   2   0   4   6   0 |   g = B
   0   1   3   7   2   5   1 730   3   1   1   0   2   1   1   4   0   5   1   0   0   8   5   4   1   3 |   h = A
   2  12   1   1   0  15   0   8 646   1  10   0   1  17   7   3   0   1   4   5   0   3   3   4   1   2 |   i = J
   0   0   1  13   7   1   4   0   0 738   0   2   7   0   0   2   5   0   0   4   1   0   1   3   3   0 |   j = M
   1   0   5   0   0   4   0   0   1   0 748   1   1   4   2   0   0   0   0   2   1   1   0   1  13   2 |   k = X
   0   0   7   2   7   2   0   7   3   4   0 664  13   0   1  10   9   3   1   0   0   0  14   5   1   0 |   l = O
   0   0   4  11   5   0  16   2   1   1   1   2 679   1   0   7   1   0   1   4   0   0   6   1  15   0 |   m = R
   9   2   3   6   2   7   6   0   3   0   4   1   3 684   3   2   1   0  16  15   1   3   0   0   2   2 |   n = F
   0   2   0   4  23   0   1   2   1   2   0   8   3   0 634  11   0   3   0  19   1   0   3   7  12   0 |   o = C
   1   0  15   6   9   3  11   5   7   2   2   3  23   6   0 582   2   1   1   2   2   9   8   7  27   0 |   p = H
   0   0   1   5   6   0   3   0   0  13   0   2   3   0   1   1 703   0   0   2   1   0   3   6   2   0 |   q = W
   0   2   3   5   9   7   9   8   0   0  14   0  12   2  10   3   0 643   0  16   1   3   3   4   7   0 |   r = L
   0   3   1   2   5   2   9   1   0   0   0   3   5  27   0   1   1   0 722   7   1   2   5   3   3   0 |   s = P
   1   2   1   0  24   6   8   0   1   0   2   1   0   1   6   0   0   1   0 690   0   2   6   0   8   8 |   t = E
   1   0   2   9   6   0  15   2   1   1   0   4   1   0   1   3  14   0   3   3 678   7   0  11   2   0 |   u = V
  10   0   0   2   0   2   1   2   0   1   3   0   0   5   0   1   1   0   1   0   8 744   4   1   0   0 |   v = Y
   2   2   7   0   9  11  10   5   4   0   2  21   2   4   1   0   1  13   2  22   2   4 627   2   2  28 |   w = Q
   0   0   1   8   2   0   2   1   0   8   0   2   0   0   1   3   5   0   1   0   1   3   2 769   4   0 |   x = U
   0   0   1   1   6   2   0   0   0   2  12   1  14   0   3   7   0   1   1   4   0   0   1   2 681   0 |   y = K
   7   3   1   1   0  28   2   5   9   0  10   0   0   3   1   1   0   7   1  17   0   6  10   0   1 621 |   z = Z

-----------------------------------------------------------------------------
||                                  Result                                 ||
-----------------------------------------------------------------------------
|| ANN || Neurons: 42 Layers: 2 Epochs: 1600 Learning Rate: 1.75 Momentum: 1.25

Correctly Classified Instances       17831               89.155  %
Incorrectly Classified Instances      2169               10.845  %
Kappa statistic                          0.8872
Mean absolute error                      0.009 
Root mean squared error                  0.0872
Relative absolute error                 12.178  %
Root relative squared error             45.3374 %
Total Number of Instances            20000     

Confusion Matrix
   a   b   c   d   e   f   g   h   i   j   k   l   m   n   o   p   q   r   s   t   u   v   w   x   y   z   <-- classified as
 668   1   5   6   7   3  10   3   1   0  12   1   8   7   4   8   0   0   0  18   0   8   3   7   5  11 |   a = T
   2 688   2   2   0  12   1   3   6   0   9   0   3   8   2   0   0   0   2   6   0   5   2   0   0   2 |   b = I
   0   1 739   3   1   3   7   1   4   4   3   9   6   1   0  10   0   1   2   0   0   0   0   7   3   0 |   c = D
   0   0  11 732   0   0   0   0   2   4   0  10   6   1   0   6   0   0   1   0   0   1   2   4   3   0 |   d = N
   2   2   6   0 653   8  10   5   5   1   2  18   3   4  10   1   1  10   3   6   0   0  15   1   6   1 |   e = G
   2   3   3   0   1 677   6   1   3   0   6   1   3   5   0   2   0   7   2  14   0   3   1   0   3   5 |   f = S
   0   0  10   0   3   3 691   1   1   0   3   1  26   1   1   1   2   0   3   7   0   2   0   4   6   0 |   g = B
   0   1   3   7   2   5   1 730   3   1   1   0   2   1   1   4   0   5   1   0   0   8   5   4   1   3 |   h = A
   2  12   1   1   0  15   0   8 646   1  10   0   1  17   7   3   0   1   4   5   0   3   3   4   1   2 |   i = J
   0   0   1  13   7   1   4   0   0 738   0   2   7   0   0   2   5   0   0   4   1   0   1   3   3   0 |   j = M
   1   0   5   0   0   4   0   0   1   0 748   1   1   4   2   0   0   0   0   2   1   1   0   1  13   2 |   k = X
   0   0   7   2   7   2   0   7   3   4   0 664  13   0   1  10   9   3   1   0   0   0  14   5   1   0 |   l = O
   0   0   4  11   5   0  16   2   1   1   1   2 679   1   0   7   1   0   1   4   0   0   6   1  15   0 |   m = R
   9   2   3   6   2   7   6   0   3   0   4   1   3 684   3   2   1   0  16  15   1   3   0   0   2   2 |   n = F
   0   2   0   4  23   0   1   2   1   2   0   8   3   0 634  11   0   3   0  19   1   0   3   7  12   0 |   o = C
   1   0  15   6   9   3  11   5   7   2   2   3  23   6   0 582   2   1   1   2   2   9   8   7  27   0 |   p = H
   0   0   1   5   6   0   3   0   0  13   0   2   3   0   1   1 703   0   0   2   1   0   3   6   2   0 |   q = W
   0   2   3   5   9   7   9   8   0   0  14   0  12   2  10   3   0 643   0  16   1   3   3   4   7   0 |   r = L
   0   3   1   2   5   2   9   1   0   0   0   3   5  27   0   1   1   0 722   7   1   2   5   3   3   0 |   s = P
   1   2   1   0  24   6   8   0   1   0   2   1   0   1   6   0   0   1   0 690   0   2   6   0   8   8 |   t = E
   1   0   2   9   6   0  15   2   1   1   0   4   1   0   1   3  14   0   3   3 678   7   0  11   2   0 |   u = V
  10   0   0   2   0   2   1   2   0   1   3   0   0   5   0   1   1   0   1   0   8 744   4   1   0   0 |   v = Y
   2   2   7   0   9  11  10   5   4   0   2  21   2   4   1   0   1  13   2  22   2   4 627   2   2  28 |   w = Q
   0   0   1   8   2   0   2   1   0   8   0   2   0   0   1   3   5   0   1   0   1   3   2 769   4   0 |   x = U
   0   0   1   1   6   2   0   0   0   2  12   1  14   0   3   7   0   1   1   4   0   0   1   2 681   0 |   y = K
   7   3   1   1   0  28   2   5   9   0  10   0   0   3   1   1   0   7   1  17   0   6  10   0   1 621 |   z = Z

-----------------------------------------------------------------------------
||                                  Result                                 ||
-----------------------------------------------------------------------------
|| ANN || Neurons: 39 Layers: 2 Epochs: 2000 Learning Rate: 2.5 Momentum: 1.5

Correctly Classified Instances       17714               88.57   %
Incorrectly Classified Instances      2286               11.43   %
Kappa statistic                          0.8811
Mean absolute error                      0.0095
Root mean squared error                  0.0892
Relative absolute error                 12.7966 %
Root relative squared error             46.3815 %
Total Number of Instances            20000     

Confusion Matrix
   a   b   c   d   e   f   g   h   i   j   k   l   m   n   o   p   q   r   s   t   u   v   w   x   y   z   <-- classified as
 659   1   5   0   5  10  11   1   0   0   7   1   5  14   4  15   0   3   0  16   2  14   5   1  10   7 |   a = T
   3 659   5   0   1  15   2   2  10   0  13   1   3   9   3   0   0   3   8   6   0   4   1   0   0   7 |   b = I
   0   2 734   3   0   2  13   1   0   5   1  11   7   1   0  12   0   1   2   0   0   1   1   4   1   3 |   c = D
   0   0  14 708   3   0   0   3   0   6   0  12  10   3   0  10   4   0   2   0   3   2   0   1   1   1 |   d = N
   1   5   9   1 654   2   7   1   5   2   2   8   4   4  13   4   3   8   5   9   4   7   7   1   6   1 |   e = G
   0   3   2   1   0 674   7   1  10   0   1   7   2   5   1   2   0   6   1   8   0   3   3   0   3   8 |   f = S
   0   1  14   0   3   6 701   1   0   0   4   4  10   3   0   1   0   0   0   8   2   2   2   0   2   2 |   g = B
   0   0   2   3   3   2   3 713   2   5   3   2   2   1   1   3   5   3   2   0   5  11   0   8   3   7 |   h = A
   0   7   5   0   0  15   2   6 650   0  11   3   2  12   2   6   0   3   1   1   0   2   2   2   0  15 |   i = J
   0   0   1  12   9   0   6   1   0 734   0   0   6   0   0   5  11   0   0   0   1   1   0   3   2   0 |   j = M
   0   1   9   0   2   0   4   0   1   0 734   1   0   1   0   1   0   2   0   9   0   4   1   0  12   5 |   k = X
   0   0   8   1   4   3   0   7   0   2   0 643   7   1  13   9  18   4   1   0   6   0  20   4   2   0 |   l = O
   0   0   9   8   5   1  26   1   1   1   6   1 664   0   1  12   1   1   2   2   0   0   3   0  13   0 |   m = R
   5   5   5   2   3  17   9   0   5   0   5   0   2 661   2   3   1   0  14  10   5   8   5   1   1   6 |   n = F
   0   0   0   0  20   2   2   2   1   2   0   9   2   0 635   6   2   4   1  36   0   0   5   4   3   0 |   o = C
   0   0  17   7  10   2  15   3   4   2   3   9  27   6   0 561   0   1   5   2   3   9   5  10  26   7 |   p = H
   0   0   2   2   4   0   4   1   0  10   0   1   9   0   0   2 703   0   2   0   3   3   1   3   2   0 |   q = W
   0   3   0   2  11  11   7   5   3   0   9   1   8   1   4   1   0 641   0  22   3   3   9   3  12   2 |   r = L
   2   1   2   1   8   1   4   1   1   0   1   4   3  23   3   1   1   0 723   6   1   6   8   0   2   0 |   s = P
   0   0   1   0  16   9   8   0   1   0  11   0   2   5  12   2   0   6   0 664   1   0   7   0  11  12 |   t = E
   2   0   1   1   6   1  10   3   0   0   0   0   4   1   0   4  11   0   3   7 692  17   0   0   1   0 |   u = V
  10   0   1   0   0   1   0   3   0   1   1   0   0   2   0   1   1   0   2   0  12 744   3   4   0   0 |   v = Y
   0   8   6   0  10  18   1   8   0   1   2  13   2   4   1   2   0  16   5  10   0   2 652   0   1  21 |   w = Q
   0   0   3   4   5   0   3   1   1  13   0   4   0   1   2  10   6   0   0   0   5   0   0 755   0   0 |   x = U
   0   0   3   2   0   0   7   0   0   3  15   2  16   1   3  17   0   0   0  11   1   0   0   2 656   0 |   y = K
   0   3   1   0   0  12   1   0   4   0   1   0   1   2   0   0   0   1   1   5   0   0   1   0   1 700 |   z = Z

-----------------------------------------------------------------------------
