||                                  Result                                 ||
-----------------------------------------------------------------------------
|| ANN || Neurons: 33 Layers: 2 Epochs: 200 Learning Rate: 4.0 Momentum: 2.25

Correctly Classified Instances       17572               87.86   %
Incorrectly Classified Instances      2428               12.14   %
Kappa statistic                          0.8737
Mean absolute error                      0.0109
Root mean squared error                  0.0893
Relative absolute error                 14.688  %
Root relative squared error             46.4429 %
Total Number of Instances            20000     

Confusion Matrix
   a   b   c   d   e   f   g   h   i   j   k   l   m   n   o   p   q   r   s   t   u   v   w   x   y   z   <-- classified as
 658   3   2   5  11   5  11   0   1   1  10   2   6  12   1   9   0   1   0  20   2  16   3   1   9   7 |   a = T
   2 669   5   0   0  20   1   2  15   0  14   2   0   8   2   0   0   0   5   3   1   3   2   0   0   1 |   b = I
   0   0 724   9   0   4  18   0   0   2   5   9   2   2   0  21   0   1   2   0   0   0   1   4   0   1 |   c = D
   0   0  13 711   1   0   6   1   0   8   1  13   9   2   0   8   2   0   0   0   0   0   0   6   2   0 |   d = N
   0   9   6   2 617  13  17   6   3   1   0   8   6   4   7   2   2   1   5  11   8   3  23   5  13   1 |   e = G
   0   4   4   0   2 629  25   8   4   0   4   4   6   2   1   2   0   9   3  16   1   2   4   1   5  12 |   f = S
   0   0   5   2   1  12 717   0   0   0   3   0  13   0   0   3   0   0   0   5   1   0   2   0   2   0 |   g = B
   0   0   1   2   0   9   1 718   8   6   0   0   1   1   0   3   5   2   1   0   0  10   4   6   3   8 |   h = A
   1  11   4   4   0  17   3   2 656   0   5   4   2   7   0   4   0   0   5   3   0   2   3   1   0  13 |   i = J
   0   0   1   5  10   0   7   5   0 746   0   2   5   0   0   1   5   0   1   2   0   0   0   1   1   0 |   j = M
   0   1   3   0   0   2   2   0   1   0 757   1   0   1   0   1   0   0   0   4   0   3   2   1   5   3 |   k = X
   0   0  12   0  10   1   0   5   4   6   1 629   9   0   4   6  21   1   1   1   0   0  28  12   2   0 |   l = O
   0   0   5   8   1   1  36   7   0   0   9   2 646   1   2   7   0   1   1   2   0   2   4   0  23   0 |   m = R
   8   9   4   1   0  15  17   0   2   0   8   1   5 645   6   4   2   0  24  15   1   3   0   0   1   4 |   n = F
   1   1   0   3  30   3   1   1   0   3   1  12   2   0 608   5   3   1   0  16   0   0   5  13  26   1 |   o = C
   0   3  23   6   8   2  26   4   4   1   5   5  36   3   0 557   1   2   3   0   0   8   5   6  24   2 |   p = H
   0   0   0   8   4   0   8   2   0   8   0   2  10   1   0   1 692   0   2   0   1   3   2   5   3   0 |   q = W
   0   3   0   5  10   7   9   3   0   0  18   2   7   5   3   1   0 645   2  17   0   4   5   1  11   3 |   r = L
   0   1   2   0   8   3   8   0   0   0   0   6   6  17   1   2   2   0 736   4   0   2   4   0   1   0 |   s = P
   0   0   1   0  10   6  10   1   0   0  13   0   3   3   5   4   0   0   0 678   0   1  15   0   9   9 |   t = E
   1   0   2   2   6   0  23   2   0   0   0   0   5   0   0   5  16   0   1   2 664  25   8   2   0   0 |   u = V
   6   1   2   0   0   1   1   1   0   0   3   0   0   5   0   0   2   0   4   0   5 741   8   5   0   1 |   v = Y
   0   5   4   0   7  13  14  11   3   0   1  15   2   0   2   1   0   2   3   6   0   2 666   1   2  23 |   w = Q
   0   0   1   2   1   0   3   6   0   7   0   6   2   1   1  12  14   1   0   0   0   1   3 751   1   0 |   x = U
   0   0   4   0   1   3   5   1   0   2  33   1  16   1   4  20   0   1   0   8   0   0   0   1 638   0 |   y = K
   1   3   1   0   0  26   0   5   4   0   3   0   0   6   0   0   0   2   0   4   0   3   2   0   0 674 |   z = Z

-----------------------------------------------------------------------------
||                                  Result                                 ||
-----------------------------------------------------------------------------
|| ANN || Neurons: 36 Layers: 2 Epochs: 200 Learning Rate: 4.0 Momentum: 2.25

Correctly Classified Instances       17747               88.735  %
Incorrectly Classified Instances      2253               11.265  %
Kappa statistic                          0.8828
Mean absolute error                      0.0101
Root mean squared error                  0.0863
Relative absolute error                 13.6311 %
Root relative squared error             44.8939 %
Total Number of Instances            20000     

Confusion Matrix
   a   b   c   d   e   f   g   h   i   j   k   l   m   n   o   p   q   r   s   t   u   v   w   x   y   z   <-- classified as
 657   0  11   0  14   6  17   1   0   0  11   2   4  12   5   6   0   2   0  13   1  12   6   2   3  11 |   a = T
   0 689   6   0   0   4   3   3   2   0  14   0   1  19   1   0   0   0   2   0   0   2   2   0   0   7 |   b = I
   0   0 743   6   0   1   7   1   1   2   1   2  11   1   0  15   0   1   3   0   0   1   0   8   1   0 |   c = D
   0   0   7 724   1   0   0   3   0   6   0  14  12   1   0   8   0   0   1   0   1   1   0   3   1   0 |   d = N
   0   1   8   3 644   7   5   9   1   2   7   7   9   3   9   3   4   1   0  17   8  10   4   1   9   1 |   e = G
   4   1   8   0   0 677   8   1   0   0   4   1   5  12   1   0   0   2   0  11   0   2   2   0   0   9 |   f = S
   0   2  11   0   4   4 715   0   0   0   4   0  13   2   0   1   0   0   1   5   0   1   0   0   2   1 |   g = B
   0   0   1   1   2   6   3 742   2   1   0   3   0   2   1   0   0   2   0   2   0  14   2   4   1   0 |   h = A
   1  24   6   5   1  14   5   5 581   0  23   8   2  27   0   6   0   3  10   1   1   2   4   1   0  17 |   i = J
   0   0   1   8   6   0  10   1   0 745   0   2   3   0   3   6   2   0   0   1   1   0   0   3   0   0 |   j = M
   0   1   5   0   1   0   3   0   1   0 745   1   4   1   1   0   0   0   1   7   1   2   1   1   9   2 |   k = X
   0   2  18   3  12   5   1   8   0   6   2 636  10   0   2   4  16   0   2   0   5   0  14   7   0   0 |   l = O
   0   0  11  10   5   0  19   3   0   2   2   2 681   0   0  10   0   1   1   3   0   0   1   0   6   1 |   m = R
   7   7   6   0   3   3  14   1   1   0   2   0   3 682   1   1   2   0  19  13   2   5   0   0   1   2 |   n = F
   0   0   0   1  30   1   0   3   0   3   3  14   5   1 619   4   0   3   0  25   0   1   5   7  11   0 |   o = C
   0   1  15  10   9   0  24   5   1   2   4  12  35   7   0 558   0   0   8   3   1   5   4   4  25   1 |   p = H
   0   0   0   7   6   0   4   2   0  13   0   1   5   0   0   4 682   0   1   8   9   0   1   8   1   0 |   q = W
   0   1   2   0  10  12   4  10   0   0  14   1   8   6   3   6   0 648   0  23   0   0   4   5   3   1 |   r = L
   0   2   2   0   5   4   8   0   1   0   0   0   4  21   2   0   0   0 730  12   1   4   7   0   0   0 |   s = P
   0   0   0   0   9   5   2   0   0   0   5   0   1   3  11   1   0   0   0 710   0   2   8   0   3   8 |   t = E
   0   0   1   2  11   0  19   6   0   2   0   0   4   2   1   4   9   0   2   3 687   7   1   3   0   0 |   u = V
   8   0   0   0   1   2   0   0   0   2   3   0   1   5   0   2   2   0   5   0  11 741   2   1   0   0 |   v = Y
   0   7   7   0  16  12   3   8   0   0   9   6   8   2   1   0   0  22   0  12   0   4 626   3   6  31 |   w = Q
   0   0   1   3   1   0   1   9   0  16   0   3   4   0   0   3   3   0   0   1   1   2   2 761   2   0 |   x = U
   0   0   2   1   2   0   5   8   0   1  12   0  24   3   0  10   0   0   0   4   0   0   0   2 665   0 |   y = K
   0   7   3   5   1  14   0   5   1   0   4   0   6   9   0   0   0   4   0   9   1   2   4   0   0 659 |   z = Z

-----------------------------------------------------------------------------
||                                  Result                                 ||
-----------------------------------------------------------------------------
|| ANN || Neurons: 16 Layers: 2 Epochs: 1000 Learning Rate: 3.0 Momentum: 1.5

Correctly Classified Instances       16033               80.165  %
Incorrectly Classified Instances      3967               19.835  %
Kappa statistic                          0.7937
Mean absolute error                      0.0173
Root mean squared error                  0.1135
Relative absolute error                 23.3519 %
Root relative squared error             59.025  %
Total Number of Instances            20000     

Confusion Matrix
   a   b   c   d   e   f   g   h   i   j   k   l   m   n   o   p   q   r   s   t   u   v   w   x   y   z   <-- classified as
 644   2   6   4   5   8  16   0   0   2  10   5   9   6   0   9   1   0   0  22   2  28   4   2   2   9 |   a = T
   4 593  11   0   2  36  11   1  15   0  11   2   1  10   2   1   0   8  13   2   1   3   6   2  15   5 |   b = I
   2   0 672   7   0   4  24   4   3   6   8   9  12   6   1  22   1   0   6   0   0   0   2   6   9   1 |   c = D
   0   0  15 657   0   0   5   7   1  27   1  12   6   8   0  13  11   1   2   0   0   1   2  10   3   1 |   d = N
   0   6  11   4 559   5  12   8   2   1   6  12  20   5   9  11   3   8   2  17   1   2  45   2  15   7 |   e = G
   5   5  15   0  10 525  44   5   3   0  16   9   5  10   2   1   0  19   3  27   2   7   3   2   4  26 |   f = S
   0   1  18   0   5  34 599   1   1   0   6   2  54   2   0   7   0   3   6  15   0   1   3   2   4   2 |   g = B
   2   0  16   8   0   5   9 688   5   9   7   0   1   1   1   3   3   4   2   0   1   4   7   8   2   3 |   h = A
   9  16  20   2   0  11  12   4 584   0  10   8   1  19   1   6   0   9   3   6   0   3   2   3   1  17 |   i = J
   0   0   6  15   7   0  10   1   0 726   0   2   4   0   0   9   6   0   0   0   0   0   0   4   2   0 |   j = M
   2   3  14   0   2  12  16   3   0   0 644   1   7   4   0   4   0   0   0  18   0   7  21   3  20   6 |   k = X
   0   0  18   8  12   2   3   3   0   6   1 604  16   0   3  23  12   2   3   1   5   0  24   3   4   0 |   l = O
   0   0  25   3   3   1  44   3   0   2   2  19 578   6   2  33   0   4   2   8   0   1   5   0  16   1 |   m = R
  22   4   8   4   4  19  22   0   1   1  12   0   2 589   2   9   2   6  24  15   2  12   8   1   2   4 |   n = F
   7   3   6   1  35   6   2   5   1   8   6  21   6   9 534  10   2   1   1  24   0   2   8  14  24   0 |   o = C
   0   0  23  20   6   0  28   3   2   6   8  13  32   4   0 509   0   2   5   1   2   8   5  17  36   4 |   p = H
   0   0   7  15   4   0   1   2   0  15   0   4  11   1   0   8 657   0   1   2   2   0   7  13   2   0 |   q = W
   0   2   3   2  16   9  32   0   3   0  21   1   8   3   1   5   1 622   0  15   0   1   9   3   4   0 |   r = L
   2   3   6   3  19   0  11   1   0   0   1   5   4  46   0   2   3   1 678   3   0   5   6   0   4   0 |   s = P
   2   8   2   0  27  19  14   1   0   0  26   3   6   1  13   8   0   5   3 577   0   1  13   0  13  26 |   t = E
   2   0   4   8   7   0  19   4   0   1   0   1   2   0   0   2  10   1   5   2 663  17   9   2   5   0 |   u = V
  18   1   5   1   0   4   4   3   1   1  11   3   1   8   0   1   5   2  15   0  11 677   8   4   1   1 |   v = Y
   0   1   3   2  42  11  18  10   0   0   7  45  16   2   0   0   6  13   2  23   5   2 555   1   9  10 |   w = Q
   0   0   7  11   5   0   3   3   1  13   1   8   1   0   2  12   8   5   1   0   2   0  13 707  10   0 |   x = U
   0   0   7   9   6   1  14   2   1   2  25   0  36   0   4  34   1   2   0  14   0   1   1   8 571   0 |   y = K
   1   3   7   0   1  46   3   0   3   0  18   0   2   1   0   0   0   7   1  12   0   3   5   0   0 621 |   z = Z

-----------------------------------------------------------------------------
||                                  Result                                 ||
-----------------------------------------------------------------------------
|| ANN || Neurons: 26 Layers: 2 Epochs: 1000 Learning Rate: 1.25 Momentum: 1.25

Correctly Classified Instances       17042               85.21   %
Incorrectly Classified Instances      2958               14.79   %
Kappa statistic                          0.8462
Mean absolute error                      0.0126
Root mean squared error                  0.1002
Relative absolute error                 17.0472 %
Root relative squared error             52.126  %
Total Number of Instances            20000     

Confusion Matrix
   a   b   c   d   e   f   g   h   i   j   k   l   m   n   o   p   q   r   s   t   u   v   w   x   y   z   <-- classified as
 646   1   6   1  12   7   7   0   1   0   5   5   1  19   6   9   0   2   0  22   1  21   3   4  10   7 |   a = T
   3 631  11   1   0  10   9   2   6   1  13   1   0  24   5   1   0   1  10   6   0   4   3   0   2  11 |   b = I
   1   2 698   6   1   5  17   3   0   2  10  10  10   2   0  17   0   1   9   0   0   0   2   4   3   2 |   c = D
   0   0  16 692   0   1   2   8   3   8   1  11   8   1   1  15   6   0   1   0   1   2   0   5   1   0 |   d = N
   0   2  12   0 584   2   8   1   2   6   9  16  16   5  17  12   6   3   5  20   0   1  31   1   9   5 |   e = G
   9  10   5   2   1 579  23   8   5   0   7   4   6   5   0   5   0  14   6  14   3   5   8   1   3  25 |   f = S
   0   0  14   0   5  11 669   0   1   0  10   1  22   1   0   5   4   0   2   5   0   3   3   2   7   1 |   g = B
   0   0   9   2   3   5   3 709   1   1   4   0   3   4   2   0   2   2   8   0   2  12   2   5   3   7 |   h = A
   2  17  10   3   0  19   3   3 607   0  15   5   2  14   1  10   0   1   2   6   0   2   1   0   2  22 |   i = J
   0   0   0  12   9   0   9   1   0 728   0   4   2   0   0   5  12   0   1   2   0   0   0   7   0   0 |   j = M
   4   3  11   0   1   3   4   0   1   0 700   0   2   5   0   3   0   0   0  12   1   4   2   0  26   5 |   k = X
   0   3  21   4   5   1   0   6   2   3   1 627  12   0  10  10  16   3   2   0   0   0  21   5   0   1 |   l = O
   0   0   8   6  11   9  28   1   3   2   7   5 640   0   0  16   0   0   1   5   0   1   4   0  11   0 |   m = R
  15  11   4   1   3   5  25   0   1   0   5   0   4 641   2   1   3   0  21  19   1   1   4   1   0   7 |   n = F
   0   0   0   1  28   4   0   1   0   1   7  15   1   2 594   3   5   2   0  31   0   2  18   3  18   0 |   o = C
   0   0  18   7   7   1  13   5   1   1   3  15  44   7   2 540   4   0   9   2   3   8   5  11  26   2 |   p = H
   0   0   0   7   3   0   7   0   0  10   0   4   0   1   0   1 705   0   1   0   4   1   3   3   2   0 |   q = W
   0   4   0   2   9   5  14   3   6   0  18   3   5   1   5   7   5 635   0  20   1   3   9   0   6   0 |   r = L
   0   0   2   1   8   0  11   0   0   0   0   0   7  35   1   0   0   0 718   6   2   2   9   0   1   0 |   s = P
   1   3   0   0  18  11  13   0   1   0  10   0   3   4   9   0   0   1   0 658   0   0  12   0  15   9 |   t = E
   2   0   4   2   3   1  12   0   0   5   0   2   6   2   1   7  19   0   4   2 671  12   3   4   2   0 |   u = V
  16   1   3   0   0   3   0   0   1   1   3   0   0   8   0   1   1   0  12   0  14 706   7   7   1   1 |   v = Y
   0   3   4   0  25  11  12   4   1   0   2  26   7   2   0   3   3   8   3   8   6   3 639   1   1  11 |   w = Q
   1   0   1   6   5   0   3   2   1   8   0   8   2   1   6   8  16   0   1   0   0   3   2 735   4   0 |   x = U
   0   0   3   4   6   3  12   0   0   3  18   1  21   0   3  20   4   1   0   4   0   0   2   4 629   1 |   y = K
   1   0   2   0   1  21   0   0   7   0   2   2   2   3   0   0   0   2   2  16   0   1  10   1   0 661 |   z = Z

-----------------------------------------------------------------------------
||                                  Result                                 ||
-----------------------------------------------------------------------------
|| ANN || Neurons: 40 Layers: 1 Epochs: 1400 Learning Rate: 3.25 Momentum: 2.75

Correctly Classified Instances       17229               86.145  %
Incorrectly Classified Instances      2771               13.855  %
Kappa statistic                          0.8559
Mean absolute error                      0.0118
Root mean squared error                  0.0993
Relative absolute error                 15.934  %
Root relative squared error             51.6203 %
Total Number of Instances            20000     

Confusion Matrix
   a   b   c   d   e   f   g   h   i   j   k   l   m   n   o   p   q   r   s   t   u   v   w   x   y   z   <-- classified as
 666   1   1   0   9  10  17   1   0   0   6   1   2   8   2   2   0   4   1  26   2   9   3   7   6  12 |   a = T
   2 636   7   1   1  14   9   1  16   0  11   6   1  17   2   0   0   0  12   1   0   4   8   0   0   6 |   b = I
   0   0 706   9   0   6  17   6   2   2   3   8  15   0   2   9   1   3   2   1   0   0   2   6   3   2 |   c = D
   0   0  13 711   1   0   4   3   2   8   0  11   3   5   0   8   5   1   2   0   0   0   3   2   1   0 |   d = N
   0   0   5   0 586  13  25  17   4   1   4  12  10   2  10   2   5   6  21   4   1   5  21   3  14   2 |   e = G
   4   4   4   0   1 648  11  10   2   0   2   0   4   5   1   1   0  16   5  15   2   1   4   0   4   4 |   f = S
   0   0  15   1   4   8 680   1   0   0   5   2  22   3   1   0   0   1   2   7   0   1   2   1   9   1 |   g = B
   0   0   3   2   1  11   1 721   3   4   1   1   3   0   0   1   5   1   1   0   1  11   6   7   2   3 |   h = A
   3  10   5   3   0  11   5   4 652   0  13   0   3   6   1   2   0   0   8   4   0   2   3   2   0  10 |   i = J
   1   0   1  10   1   1  13   0   0 741   0   5   3   0   1   1   6   1   1   3   0   0   0   1   2   0 |   j = M
   1   3   6   0   0   3   3   0   1   0 733   3   1   1   0   1   0   0   0   9   1   6   1   4   9   1 |   k = X
   0   0  18   1   9   0   2   8   4   8   0 630   9   0   4  13  15   0   4   0   1   0  15   7   4   1 |   l = O
   0   0  13   8   4   2  33   9   1   6   4   3 625   4   0   5   0   3   1   2   0   1   8   0  26   0 |   m = R
  16   2   1   1   0  13  17   0   3   2   6   1   3 632   5   5   1   1  35  12   0   9   3   1   3   3 |   n = F
   0   1   0   0  30   0   0   5   0   4   4  12   1   0 590   4   1   7   0  35   1   0   7   7  27   0 |   o = C
   1   0  25  14   9   8  19  14  16   1   5  22  34  11   0 448   0   3   6   1   7  12   7  12  59   0 |   p = H
   0   0   1   5   0   0  12   0   1  13   0   2   3   1   0   0 689   1   0   4   4   0   1   5  10   0 |   q = W
   0   2   1   1  12   9  11   5   0   1  13   2   5   0   0   3   0 660   4  11   0   2   6   4   9   0 |   r = L
   0   1   1   0   5   1   8   0   0   1   0   1   0  27   0   1   2   1 738   2   2   5   3   0   4   0 |   s = P
   1   2   0   0  15  16   6   3   0   0  11   0   5   3   3   1   0   7   4 657   0   1  17   0  11   5 |   t = E
   3   0   1   3   3   0  14   2   0   3   1   4   2   0   0   1  22   0   7   4 677   8   1   2   4   2 |   u = V
   8   0   1   0   0   3   4   1   0   2   3   2   0   5   0   0   2   0   9   0  13 717  11   3   2   0 |   v = Y
   0   0   3   0   8  14  15  16   1   2   1  12   3   0   0   1   1  24   1  16   0   2 635   0  11  17 |   w = Q
   1   0   0   5   0   0   6   3   0  18   1   3   1   0   3   2  13   0   0   0   0   1   1 752   3   0 |   x = U
   3   1   5   4   0   0   8   2   1   3  26   0  16   0   0   5   0   1   0   5   1   1   1   4 652   0 |   y = K
   3   6   4   1   0  19   0   5  16   0   9   0   5   0   0   0   0   6   0   8   0   0   5   0   0 647 |   z = Z

-----------------------------------------------------------------------------
||                                  Result                                 ||
-----------------------------------------------------------------------------
|| ANN || Neurons: 35 Layers: 1 Epochs: 1800 Learning Rate: 1.0 Momentum: 2.75

Correctly Classified Instances       16818               84.09   %
Incorrectly Classified Instances      3182               15.91   %
Kappa statistic                          0.8345
Mean absolute error                      0.0129
Root mean squared error                  0.1071
Relative absolute error                 17.4044 %
Root relative squared error             55.678  %
Total Number of Instances            20000     

Confusion Matrix
   a   b   c   d   e   f   g   h   i   j   k   l   m   n   o   p   q   r   s   t   u   v   w   x   y   z   <-- classified as
 659   1   9   0   5   4  12   0   0   0  16   4   3   7   0  10   0   2   2  13   4  11   4   6   5  19 |   a = T
   1 639  11   1   0  10   5  10  15   0  18   5   0   6   5   0   0   3   5   4   0   2   0   0   3  12 |   b = I
   0   0 691  12   1   3  11   3   3   5   7  10  13   0   3  28   0   2   3   0   0   0   0   5   3   2 |   c = D
   0   0   7 696   0   0   5  11   2   9   0  13   4   4   2  13   1   0   1   0   3   4   0   7   1   0 |   d = N
   0   5   9   2 544  14  19   6   3   2  16   5  21   6  14   6  15   8  13   5   0   7  32   3  18   0 |   e = G
   8   9   9   1   0 543  38  12   8   0  20   9   3   7   2   0   0  22   3  21   1   9   3   0   5  15 |   f = S
   0   1  25   2   2  16 641   1   0   0   7   6  30   6   1   3   0   2   4   8   0   2   0   0   8   1 |   g = B
   0   1  10   5   1   2   2 705  12   9   1   0   1   3   1   0   4   1   2   0   1   7   4  10   3   4 |   h = A
   7  17   3   2   0   6   5   7 617   0  14   1   5  10   1   4   0   0  11   4   0   6   0   3   3  21 |   i = J
   0   0   3  12   0   0   6   2   0 732   0   2   5   4   1   5   8   0   1   0   1   0   1   6   3   0 |   j = M
   3   3   3   0   3   2   4   1   1   0 699   1   2   3   0   2   0   3   0  19   0   7   3   1  22   5 |   k = X
   0   0  22  10   5   1   2   7   8   4   2 593   8   0   9  13  24   6   9   0   1   0  20   4   3   2 |   l = O
   0   1  15  14   3   2  29   9   2   2   8   5 614   4   0  17   0   3   2   2   0   1   4   2  19   0 |   m = R
  19   8   3   2   0  14  12   1   6   2   3   0   3 625   5   5   2   0  38  17   1   2   1   0   2   4 |   n = F
   1   1   0   0  12   1   3   3   0   4   5  12   1   5 609   2   3  11   0  23   1   1   8   9  21   0 |   o = C
   0   0  17   8   8   3  27  10   1   1   8  14  35   6   1 539   2   0   4   1   6  15   1   4  23   0 |   p = H
   0   0   0   5   0   0   8   5   0  17   0   5   3   1   1   2 685   0   0   3   2   1   3   6   5   0 |   q = W
   0   1   2   0  12   2  11   6   0   0  16   0   5   4   7   3   0 654   0  17   0   6   3   3   7   2 |   r = L
   1   1  10   0  10   1   6   0   2   0   0   1   7  27   0   0   0   2 718   0   2   5   4   0   5   1 |   s = P
   2   2   0   0   0   4  11   1   1   0  12   0  13   4   5   4   0   9   0 635   1   3  25   1  18  17 |   t = E
   3   0   4   2   0   0  15  10   0   1   2   3   3   1   1   2  17   0   7   1 665  17   1   4   5   0 |   u = V
  10   1   0   0   0   2   0   4   3   1   2   0   0   5   1   0   3   3  10   0  18 710   8   5   0   0 |   v = Y
   0   9   9   2   8   5  22  16   6   1  10  15   4   1   4   2   2  25   3  19   1   5 595   0   4  15 |   w = Q
   0   0   2   9   0   0   8   8   2  27   0   2   0   1   2   7   2   1   0   3   1   1   3 730   4   0 |   x = U
   1   0   3   3   4   0  12   5   1   3  22   3  30   0   3  10   2   3   0   8   4   0   0   5 617   0 |   y = K
   4   1   5   0   1  20   3   2   3   0   3   0   3   2   1   0   0   4   0  14   0   5   0   0   0 663 |   z = Z

-----------------------------------------------------------------------------
||                                  Result                                 ||
-----------------------------------------------------------------------------
|| ANN || Neurons: 35 Layers: 2 Epochs: 800 Learning Rate: 1.75 Momentum: 2.5

Correctly Classified Instances       17617               88.085  %
Incorrectly Classified Instances      2383               11.915  %
Kappa statistic                          0.8761
Mean absolute error                      0.0102
Root mean squared error                  0.0908
Relative absolute error                 13.7785 %
Root relative squared error             47.2164 %
Total Number of Instances            20000     

Confusion Matrix
   a   b   c   d   e   f   g   h   i   j   k   l   m   n   o   p   q   r   s   t   u   v   w   x   y   z   <-- classified as
 655   2   8   1   7   4   6   0   0   0  12   3   5   8   4   8   0   5   0  29   1  15   6   3   6   8 |   a = T
   0 636  10   1   0  13   9   3   7   0  13   0   2  20   2   0   0   2  15   4   1   5   1   0   1  10 |   b = I
   0   0 725   5   1   2   5   0   3   3   5  12   6   1   1  16   0   3   5   0   0   1   1   6   3   1 |   c = D
   1   0  11 725   0   0   3   3   0   2   0   9   5   0   1   9   0   0   3   0   1   1   0   6   3   0 |   d = N
   0   0  10   0 642   8  15   2   1   3   7  14   7   3  17   2   1   5   1  10   2   1  15   1   3   3 |   e = G
   1   5   7   0   1 648  20   4   4   0   8   1   3   6   1   0   0   5   0  15   1   2   2   0   0  14 |   f = S
   0   2   8   1   4   7 692   0   0   0   6   1  27   5   0   2   0   0   1   7   0   1   1   0   0   1 |   g = B
   0   0   6   6   2   1   6 714   1   5   0   1   3   1   1   3   3   2   0   0   6  15   3   9   0   1 |   h = A
   1  10   3   6   0  18   4   5 615   0  11   5   2  24   2   3   0   1   8   3   0   7   5   0   0  14 |   i = J
   0   0   2   7   7   0  11   1   0 747   0   2  10   0   1   1   2   0   0   0   0   0   0   0   1   0 |   j = M
   1   1   6   0   1   0   0   0   1   0 743   2   1   1   0   0   0   1   0   8   1   3   2   1  13   1 |   k = X
   0   1   8   2  15   0   1   5   3   5   1 654  12   1   5   8   7   0   2   0   3   0  12   6   2   0 |   l = O
   0   0  11  12   2   0  18   1   0   0   8   1 674   0   1   7   0   1   1   3   0   0   4   0  14   0 |   m = R
  14   2  10   4   5  18   8   0   0   0   5   0   8 644   2   3   2   2  24  12   1   4   3   0   2   2 |   n = F
   0   0   0   1  16   1   3   0   3   1   0   6   0   1 637  10   2   5   0  28   2   0   8   3   9   0 |   o = C
   0   0  16   9   8   2  18   4   4   4   1   7  28  11   0 563   1   3   9   2   1   8   5   6  24   0 |   p = H
   0   0   0  15   4   0   2   0   0  12   0   4   6   1   1   3 675   1   1   2  13   2   5   3   2   0 |   q = W
   0   0   1   0   7  10   8   0   0   2  10   7  10   9   5   3   0 658   0  16   0   1   6   2   6   0 |   r = L
   0   2   1   1   7   4   6   0   0   0   1   1   5  19   1   1   3   0 731   8   2   1   9   0   0   0 |   s = P
   0   1   0   0  16   6   5   0   0   0   5   1   4   4   5   1   0   5   0 690   0   1   5   0   5  14 |   t = E
   0   0   5   4   3   0  13   0   0   1   0   3   6   1   2   2   6   0   1   3 705   7   0   1   1   0 |   u = V
  12   0   3   0   0   3   1   1   0   2   2   1   0   3   1   1   0   0   2   2  11 737   2   1   0   1 |   v = Y
   0   8   6   0  11  15   7   5   0   1   2  22   2   9   2   0   0   7   4   6   4   4 639   2   1  26 |   w = Q
   1   0   1   8   5   0   2   4   1  13   0   1   1   0   3   4   4   1   1   0   1   2   1 755   4   0 |   x = U
   0   0   4   2   2   3   8   1   0   5  15   2  19   0   4  13   0   2   1   1   0   0   1   1 655   0 |   y = K
   1   1   2   2   1  22   3   5   1   0   7   1   4   2   0   0   0   3   3  11   1   3   3   0   0 658 |   z = Z

-----------------------------------------------------------------------------
||                                  Result                                 ||
-----------------------------------------------------------------------------
|| ANN || Neurons: 28 Layers: 2 Epochs: 1600 Learning Rate: 3.5 Momentum: 2.25

Correctly Classified Instances       17112               85.56   %
Incorrectly Classified Instances      2888               14.44   %
Kappa statistic                          0.8498
Mean absolute error                      0.012 
Root mean squared error                  0.0993
Relative absolute error                 16.2643 %
Root relative squared error             51.6489 %
Total Number of Instances            20000     

Confusion Matrix
   a   b   c   d   e   f   g   h   i   j   k   l   m   n   o   p   q   r   s   t   u   v   w   x   y   z   <-- classified as
 637   1   7   1   7   9   9   0   2   0  10   0   6  15   2   7   2   2   0  18   1  25   6   4  10  15 |   a = T
   1 655   6   0   2  13  10   0  10   0   9   1   1   6   2   0   0   3   8   5   0   3   4   0   2  14 |   b = I
   0   1 691   5   2   6  24   3   3   4   6  14  15   1   1  16   0   0   6   0   0   0   0   5   1   1 |   c = D
   0   0  15 681   2   0   4   2   0   5   1  17  13   4   0  14  10   0   2   0   2   4   0   5   2   0 |   d = N
   0   8   9   1 599  11   9   7   6   1   4   7  15   0  10   6   4   9   3  13   1   1  36   1   5   7 |   e = G
   4   3   5   0   1 621  23   3   4   0  12   1   4   3   0   2   0  10   3  19   2   4   4   0   3  17 |   f = S
   0   2  15   2   1   7 674   1   3   0   7   2  24   1   0   7   0   1   0  10   0   5   2   1   0   1 |   g = B
   0   0   3   8   1   4  11 704   5   6   2   2   5   2   1   2   3   3   3   2   1   8   3   3   4   3 |   h = A
   3  19   8   2   3   5   3   3 620   1  16   3   2  10   0   5   0   4   6   6   0   4   7   2   1  14 |   i = J
   0   0   0  17   6   0   7   0   0 733   0   4   3   0   0   6   5   0   0   2   0   0   0   4   5   0 |   j = M
   1   4   7   1   2   6   2   0   1   0 718   1   4   4   1   2   0   4   0   8   1   3   0   1  10   6 |   k = X
   0   0  10   0   9   2   1   3   2   6   1 648   9   1   4  11   8   1   2   0   0   0  21  10   2   2 |   l = O
   0   2   9   9   3   0  35   3   1   0   6   3 650   0   1  14   2   1   0   2   0   0   4   1  12   0 |   m = R
  19   7   6   2   5  10   5   0   3   1   7   0   2 633   2   2   4   1  25  20   1   9   6   0   4   1 |   n = F
   0   1   1   3  31   4   1   0   3   3   2  10   3   2 586  11   1   6   0  36   0   0   6  10  14   2 |   o = C
   1   0  20   9  10   2  26   2   1   5   4   9  31   6   3 543   3   2   3   2   2  12   4   7  25   2 |   p = H
   0   0   0   9   4   0   7   0   0  11   0   4  14   0   0   5 679   0   2   2   5   0   4   6   0   0 |   q = W
   0   5   1   3  11   5   6   2   1   2  12   2  21   0   0   6   0 645   0  22   0   2   6   3   3   3 |   r = L
   0   2   4   2   5   1   6   0   1   0   0   7   3  32   0   3   4   0 708  16   0   2   1   0   4   2 |   s = P
   0   1   0   0  16   7   7   0   0   0  14   0   5   1   3   3   0   6   0 678   0   0   6   0   5  16 |   t = E
   4   1   2   1   9   0  19   2   1   2   0   1   7   3   0   2  11   0   5   0 669  20   2   2   1   0 |   u = V
  14   4   0   1   0   1   4   1   2   1   2   0   1  17   0   1   1   0   4   0  18 705   1   7   1   0 |   v = Y
   0   2   5   1  24  13   8   9   6   0   2  27   5   0   2   0   3  12   0  12   0   3 625   0   6  18 |   w = Q
   0   0   0   8   2   0   1   3   2  14   1   5   4   1   3  11   5   1   0   2   0   4   1 741   4   0 |   x = U
   0   1   1   4   7   2   3   7   0   0  18   0  25   0   2  18   2   4   0   6   2   0   0   3 634   0 |   y = K
   5   5   2   0   1  36   2   1  10   0   2   1   4   1   0   0   0   4   1  17   0   0   7   0   0 635 |   z = Z

-----------------------------------------------------------------------------
||                                  Result                                 ||
-----------------------------------------------------------------------------
|| ANN || Neurons: 31 Layers: 2 Epochs: 2000 Learning Rate: 2.0 Momentum: 3.5

Correctly Classified Instances       17321               86.605  %
Incorrectly Classified Instances      2679               13.395  %
Kappa statistic                          0.8607
Mean absolute error                      0.0111
Root mean squared error                  0.0963
Relative absolute error                 15.0374 %
Root relative squared error             50.0837 %
Total Number of Instances            20000     

Confusion Matrix
   a   b   c   d   e   f   g   h   i   j   k   l   m   n   o   p   q   r   s   t   u   v   w   x   y   z   <-- classified as
 672   5   5   3   7   3   4   0   1   0  11   4   5   6   5   5   0   1   1  14   2  15   0   6   7  14 |   a = T
   3 639   9   0   0  11   3   2  23   0  11   3   3  13   6   0   0   4   8   2   0   3   4   0   0   8 |   b = I
   1   3 706   8   1   8  13   2   3   0   6  11   6   3   2  19   0   0   2   0   0   0   4   3   4   0 |   c = D
   0   0  14 691   2   0   1   5   1   4   1  11  23   5   0  11   9   0   3   0   0   0   0   2   0   0 |   d = N
   1   1  11   1 607   3   7   7   5   2   4  10  12   5  19   9   4   1   7  16   3  10  16   2  10   0 |   e = G
   2   5   9   0   3 601  16   1  15   0  11   5   4  13   2   3   0  11   5  14   0   9   1   0   1  17 |   f = S
   0   0  13   0   2  10 668   0   0   0   2   5  26   5   0   2   1   0   5  12   0   3   2   1   5   4 |   g = B
   2   1   4   1   3   4   2 699   6   6   3   2   4   8   1   0   4   1   1   1   1  11   6   8   4   6 |   h = A
   1  23   3   2   1   9   3   3 651   0   6   4   7   7   0   3   0   3   3   5   1   0   1   2   0   9 |   i = J
   0   0   1   9   5   0   4   2   0 732   0   0   7   0   4   2  11   0   1   2   0   0   0   9   3   0 |   j = M
   4   4   7   0   3   3   4   3   4   0 712   1   1   5   0   1   0   0   0   4   1   2   1   3  20   4 |   k = X
   1   0  19   6   7   0   2   2   2   6   2 634   9   1   9   4  13   3   5   1   1   0  14   9   1   2 |   l = O
   0   0   7   4   6   3  23   1   2   2   3   5 660   0   2   8   2   0   0   5   0   1   6   1  17   0 |   m = R
  13  11   5   4   5   6  27   0   2   1   7   1   5 627   3   4   1   0  27  12   0   7   1   0   3   3 |   n = F
   1   0   1   1   9   7   1   1   0   0   0  11   6   1 651   5   1   5   0  17   3   2   2   2   9   0 |   o = C
   0   1  24   7   9   6  14   2   3   2   4   4  32   7   1 542   4   1   4   4   2  11   4   5  37   4 |   p = H
   0   0   0   5   3   0   8   2   0  11   0   1   3   1   1   2 701   0   2   0   4   0   1   6   1   0 |   q = W
   1   2   3   3  10   8   7  10   2   0   9   1  16   0   6   3   0 642   0  16   1   5   7   1   4   4 |   r = L
   0   2   3   1   5   1  10   1   0   0   0   3   5  31   6   2   1   0 707   4   2  10   5   0   3   1 |   s = P
   1   0   1   0  13   6  13   0   3   0  11   0   3   6   4   3   0   2   1 666   0   1   6   0   9  19 |   t = E
   2   0   0   6   7   1  15   2   1   0   1   4   3   0   1   2   8   0   3   2 688  11   3   2   2   0 |   u = V
  20   2   0   0   0   0   0   0   0   1   0   2   0   4   0   0   2   0   4   0  14 722   9   2   3   1 |   v = Y
   0   4   5   0  16  12  10   5   1   0   2  18   5   0   7   2   0   8   5  11   4   4 653   0   2   9 |   w = Q
   1   0   1   8   2   1   3   3   1  12   0   5   3   2   4   9   8   2   0   0   3   2   3 739   1   0 |   x = U
   2   0   2   4   6   1   7   4   0   2  21   1  19   5   4  11   1   0   0  10   0   0   1   4 634   0 |   y = K
   4   6   0   0   1  11   1   0   8   0   3   0   0   1   0   0   0   7   0   9   0   3   2   0   1 677 |   z = Z

-----------------------------------------------------------------------------
||                                  Result                                 ||
-----------------------------------------------------------------------------
|| ANN || Neurons: 42 Layers: 2 Epochs: 1600 Learning Rate: 3.75 Momentum: 2.25

Correctly Classified Instances       17831               89.155  %
Incorrectly Classified Instances      2169               10.845  %
Kappa statistic                          0.8872
Mean absolute error                      0.009 
Root mean squared error                  0.0872
Relative absolute error                 12.178  %
Root relative squared error             45.3374 %
Total Number of Instances            20000     

Confusion Matrix
   a   b   c   d   e   f   g   h   i   j   k   l   m   n   o   p   q   r   s   t   u   v   w   x   y   z   <-- classified as
 668   1   5   6   7   3  10   3   1   0  12   1   8   7   4   8   0   0   0  18   0   8   3   7   5  11 |   a = T
   2 688   2   2   0  12   1   3   6   0   9   0   3   8   2   0   0   0   2   6   0   5   2   0   0   2 |   b = I
   0   1 739   3   1   3   7   1   4   4   3   9   6   1   0  10   0   1   2   0   0   0   0   7   3   0 |   c = D
   0   0  11 732   0   0   0   0   2   4   0  10   6   1   0   6   0   0   1   0   0   1   2   4   3   0 |   d = N
   2   2   6   0 653   8  10   5   5   1   2  18   3   4  10   1   1  10   3   6   0   0  15   1   6   1 |   e = G
   2   3   3   0   1 677   6   1   3   0   6   1   3   5   0   2   0   7   2  14   0   3   1   0   3   5 |   f = S
   0   0  10   0   3   3 691   1   1   0   3   1  26   1   1   1   2   0   3   7   0   2   0   4   6   0 |   g = B
   0   1   3   7   2   5   1 730   3   1   1   0   2   1   1   4   0   5   1   0   0   8   5   4   1   3 |   h = A
   2  12   1   1   0  15   0   8 646   1  10   0   1  17   7   3   0   1   4   5   0   3   3   4   1   2 |   i = J
   0   0   1  13   7   1   4   0   0 738   0   2   7   0   0   2   5   0   0   4   1   0   1   3   3   0 |   j = M
   1   0   5   0   0   4   0   0   1   0 748   1   1   4   2   0   0   0   0   2   1   1   0   1  13   2 |   k = X
   0   0   7   2   7   2   0   7   3   4   0 664  13   0   1  10   9   3   1   0   0   0  14   5   1   0 |   l = O
   0   0   4  11   5   0  16   2   1   1   1   2 679   1   0   7   1   0   1   4   0   0   6   1  15   0 |   m = R
   9   2   3   6   2   7   6   0   3   0   4   1   3 684   3   2   1   0  16  15   1   3   0   0   2   2 |   n = F
   0   2   0   4  23   0   1   2   1   2   0   8   3   0 634  11   0   3   0  19   1   0   3   7  12   0 |   o = C
   1   0  15   6   9   3  11   5   7   2   2   3  23   6   0 582   2   1   1   2   2   9   8   7  27   0 |   p = H
   0   0   1   5   6   0   3   0   0  13   0   2   3   0   1   1 703   0   0   2   1   0   3   6   2   0 |   q = W
   0   2   3   5   9   7   9   8   0   0  14   0  12   2  10   3   0 643   0  16   1   3   3   4   7   0 |   r = L
   0   3   1   2   5   2   9   1   0   0   0   3   5  27   0   1   1   0 722   7   1   2   5   3   3   0 |   s = P
   1   2   1   0  24   6   8   0   1   0   2   1   0   1   6   0   0   1   0 690   0   2   6   0   8   8 |   t = E
   1   0   2   9   6   0  15   2   1   1   0   4   1   0   1   3  14   0   3   3 678   7   0  11   2   0 |   u = V
  10   0   0   2   0   2   1   2   0   1   3   0   0   5   0   1   1   0   1   0   8 744   4   1   0   0 |   v = Y
   2   2   7   0   9  11  10   5   4   0   2  21   2   4   1   0   1  13   2  22   2   4 627   2   2  28 |   w = Q
   0   0   1   8   2   0   2   1   0   8   0   2   0   0   1   3   5   0   1   0   1   3   2 769   4   0 |   x = U
   0   0   1   1   6   2   0   0   0   2  12   1  14   0   3   7   0   1   1   4   0   0   1   2 681   0 |   y = K
   7   3   1   1   0  28   2   5   9   0  10   0   0   3   1   1   0   7   1  17   0   6  10   0   1 621 |   z = Z

-----------------------------------------------------------------------------
