||                                  Result                                 ||
-----------------------------------------------------------------------------
|| ANN || Neurons: 26 Layers: 2 Epochs: 1400 Learning Rate: 3.25 Momentum: 1.25

Correctly Classified Instances       17015               85.075  %
Incorrectly Classified Instances      2985               14.925  %
Kappa statistic                          0.8448
Mean absolute error                      0.0125
Root mean squared error                  0.1007
Relative absolute error                 16.9368 %
Root relative squared error             52.368  %
Total Number of Instances            20000     

Confusion Matrix
   a   b   c   d   e   f   g   h   i   j   k   l   m   n   o   p   q   r   s   t   u   v   w   x   y   z   <-- classified as
 656   2   7   0  20   2   7   0   0   0   6   1   1  15   5   7   0   1   0  23   1  15   4   4  10   9 |   a = T
   3 630  15   1   0  11   4   1   8   1  16   0   1  20   5   0   0   4   8   6   0   3   4   0   3  11 |   b = I
   1   0 694   8   2   5  15   5   3   1  10  14   8   4   1  19   0   0   9   0   0   0   1   2   2   1 |   c = D
   0   0  18 693   0   0   3   6   2  11   0   7   5   0   1  17   9   0   2   0   1   3   1   2   2   0 |   d = N
   0   3  13   3 576   7   6   3   1   3  12  11   9   6  16  13   3   1   3  29   0   2  40   0   9   4 |   e = G
   4  11   4   2   3 572  19  11   6   0   9   2   5  18   1   5   0  13   3  18   5   8   6   0   3  20 |   f = S
   0   0  23   0   6  11 671   0   0   0   3   3  14   2   0   5   4   0   2   8   0   5   2   2   4   1 |   g = B
   0   0   9   5   4   3   4 702   5   1   3   4   2   2   1   0   3   2   6   1   5   7   3   6   1  10 |   h = A
   5  15  10   2   0  18   1   3 605   0   8   3   3  14   1   8   0   2   8   4   0   8   3   1   2  23 |   i = J
   0   0   0  12   9   0  10   0   0 721   1   2   3   0   1   6  13   0   1   0   0   0   1   6   6   0 |   j = M
   2   7  17   0   3   4   6   0   0   0 690   0   3   1   0   3   0   1   0   9   1   4   3   0  30   3 |   k = X
   0   1  18   6   6   0   0   5   1   4   2 617  11   0  14   8   9   3   5   0   1   0  35   4   0   3 |   l = O
   0   0  18  11   9   5  25   3   0   0   5   2 634   1   1  14   1   1   0   5   0   1   5   1  16   0 |   m = R
  13  15   7   0   5   8  23   0   2   0   2   0   2 639   1   1   3   0  17  18   2   4   4   0   3   6 |   n = F
   0   0   0   1  29   6   0   1   0   1   5  16   2   4 595   3   6   1   0  31   1   0  11   7  16   0 |   o = C
   0   0  22   7   9   1  15   4   1   0   2  13  35   7   2 538   6   0   6   3   0  10   7  11  32   3 |   p = H
   0   0   0   6   6   0   7   0   0  10   0   4   4   0   0   0 696   0   0   0   4   1   5   7   2   0 |   q = W
   0   5   0   3   8  13  12   1   3   0  16   3   7   3   5   8   4 632   0  19   1   2   7   2   7   0 |   r = L
   0   1   3   0  10   0  10   1   0   0   0   0   7  35   1   0   0   0 716   5   1   3   9   0   1   0 |   s = P
   1   3   0   0  17   9  12   0   1   0  10   0   0   6   7   0   0   0   0 667   0   1   9   0  15  10 |   t = E
   2   0   4   2   5   1  12   0   0   4   0   3   4   1   1   8  20   0   2   2 679  11   2   0   1   0 |   u = V
  19   1   2   0   0   1   0   1   1   1   5   0   0   9   0   2   2   0   9   0  18 702   7   5   0   1 |   v = Y
   0   2   5   0  21   7  10   6   0   0   3  19   4   3   0   1   2   7   2   9   3   3 661   2   3  10 |   w = Q
   1   0   0   5   7   0   1   2   1   8   1   6   1   0  11   9  14   1   1   0   0   3   3 732   6   0 |   x = U
   0   1   2   5   6   1  10   0   0   3  17   0  21   0   2  14   3   0   1   6   1   0   3   5 637   1 |   y = K
   0   0   7   0   1  23   0   0   2   0   4   1   3   3   0   1   0   3   1  13   0   2  10   0   0 660 |   z = Z

-----------------------------------------------------------------------------
||                                  Result                                 ||
-----------------------------------------------------------------------------
|| ANN || Neurons: 41 Layers: 2 Epochs: 1000 Learning Rate: 2.0 Momentum: 2.25

Correctly Classified Instances       18005               90.025  %
Incorrectly Classified Instances      1995                9.975  %
Kappa statistic                          0.8963
Mean absolute error                      0.0085
Root mean squared error                  0.0826
Relative absolute error                 11.4523 %
Root relative squared error             42.939  %
Total Number of Instances            20000     

Confusion Matrix
   a   b   c   d   e   f   g   h   i   j   k   l   m   n   o   p   q   r   s   t   u   v   w   x   y   z   <-- classified as
 680   2   4   3   9   3  10   0   1   0  11   4   7   7   6   5   0   1   0  17   0   8   6   2   3   7 |   a = T
   2 675   3   0   0  13   1   0  13   0  10   5   0  14   1   0   0   0   8   2   0   3   1   1   1   2 |   b = I
   0   1 732   7   0   4   7   0   3   2   3   7   4   2   0  16   1   2   2   0   0   0   4   5   3   0 |   c = D
   0   0   8 731   1   0   0   0   3   8   0   6  11   0   1   7   3   0   0   0   0   0   1   3   0   0 |   d = N
   0   3   7   0 689   2   4   0   0   1   1  13   4   2   9   5   2   2   2   8   0   3   9   3   3   1 |   e = G
   0   3   1   0   3 698  11   2   4   0   0   1   1   4   0   1   0   2   1   8   0   1   1   0   2   4 |   f = S
   0   2   7   3   1   9 705   1   1   0   2   1  22   1   0   2   0   0   0   2   0   2   0   2   3   0 |   g = B
   0   1   3   7   3   3   3 728   4   3   0   1   1   0   0   0   2   1   2   0   0   9   6   2   0  10 |   h = A
   3  12   3   5   0  12   3   1 632   0   8   2   2  15   0   6   0   0  10   3   1   2   1   3   0  23 |   i = J
   0   0   2  11  12   0   7   0   1 740   0   1   5   0   1   0   3   0   0   2   0   1   1   3   2   0 |   j = M
   3   0   1   0   0   3   1   0   3   0 744   1   2   5   1   0   0   0   0   6   1   1   1   2  12   0 |   k = X
   0   0  10   3   7   2   1   2   3   2   1 656   5   0   3   5  20   0   4   0   0   1  22   5   0   1 |   l = O
   0   0  11   5   7   5  18   2   1   0   3   2 671   0   0  11   1   0   1   1   0   0   5   1  13   0 |   m = R
   7   6   1   2   2   6   8   1   6   1   3   0   5 673  12   4   1   0  19  10   0   0   1   1   5   1 |   n = F
   0   0   1   0  13   1   1   3   0   0   3   6   5   0 652   5   1   5   0  17   0   0   5  11   7   0 |   o = C
   0   0  14   7  12   5  11   6   2   0   2   2  21   3   4 596   0   0   4   0   2   5   5   5  24   4 |   p = H
   0   0   1   9   6   0   5   1   0   8   0   0  10   0   1   3 693   0   0   1   0   1   0  10   3   0 |   q = W
   0   2   2   4  13  11   2   3   0   0  20   0  15   1   7   4   0 648   0   9   0   0   6   1   7   6 |   r = L
   0   0   1   0   7   1   4   3   3   0   0   1   6  25   0   0   1   0 728  13   0   2   8   0   0   0 |   s = P
   2   0   0   0  24   6   6   0   0   0   5   1   4   0   7   0   0   1   0 696   0   1   2   2   3   8 |   t = E
   1   0   1   5   7   0  17   0   0   0   0   1  10   0   0   2  11   0   2   1 690  10   1   4   1   0 |   u = V
  11   0   2   0   4   2   2   1   0   1   2   0   0   5   0   0   0   0   3   0   5 738   3   5   0   2 |   v = Y
   0   4   7   1  11   9  12   1   2   0   1  11   3   3   2   1   2   7   2  15   0   2 659   1   0  27 |   w = Q
   0   0   1   5   1   0   1   1   1   6   0   4   0   1   2   3   7   0   0   1   2   0   0 773   4   0 |   x = U
   0   0   3   0   1   0   0   1   1   1   8   0  16   0   0  12   0   0   1   1   0   0   0   5 689   0 |   y = K
   0   1   2   0   0  15   0   0   5   0   3   0   0   1   1   0   0   4   0   9   0   2   1   0   1 689 |   z = Z

-----------------------------------------------------------------------------
||                                  Result                                 ||
-----------------------------------------------------------------------------
|| ANN || Neurons: 40 Layers: 2 Epochs: 1000 Learning Rate: 1.0 Momentum: 2.25

Correctly Classified Instances       17455               87.275  %
Incorrectly Classified Instances      2545               12.725  %
Kappa statistic                          0.8677
Mean absolute error                      0.0104
Root mean squared error                  0.0944
Relative absolute error                 14.1191 %
Root relative squared error             49.0899 %
Total Number of Instances            20000     

Confusion Matrix
   a   b   c   d   e   f   g   h   i   j   k   l   m   n   o   p   q   r   s   t   u   v   w   x   y   z   <-- classified as
 658   1   6   0   7   8   7   2   2   0   7   5   2  14  10   5   1   2   1  12   6  19   1   8   5   7 |   a = T
   2 639  12   0   2  14   4   2  31   1   8   2   0  15   1   1   0   1   9   1   0   0   5   0   1   4 |   b = I
   0   2 709   8   0   7  15   2   1   2   5   7   6   4   1  19   0   1   4   1   0   0   3   4   4   0 |   c = D
   1   0  11 687   2   0   4   4   1   9   0  12  11   6   0  15   7   0   2   0   2   0   1   7   1   0 |   d = N
   1  11   6   0 634  12   9   5   5   1   4   8   6   9  11   4   3   1   1   9   6   1  15   1  10   0 |   e = G
   1   1   3   0   4 651   9   4   3   0   4   3   4  12   2   2   0  10   1  13   0   2   2   0   0  17 |   f = S
   0   0  14   2   1  14 661   1   0   0   5   1  27   7   0   6   0   0   3   7   3   5   0   2   6   1 |   g = B
   0   0   3   3   2   7   2 714   3   3   1   1   4   4   2   4   1   1   2   0   2   9   4   9   6   2 |   h = A
   3  11   4   1   0  17   3   6 660   0  11   8   1   6   0   4   0   1   2   0   0   1   0   0   1   7 |   i = J
   0   0   0   8   9   1   9   3   0 734   0   0   2   0   1   4   7   0   1   1   4   0   0   5   3   0 |   j = M
   1   4   8   0   2   4   0   1   5   0 702   1   1   2   2   0   0   2   1  15   0   4   1   1  28   2 |   k = X
   0   0  10   6  11   1   0   3   2   6   3 634  11   0  10   9   8   3   1   0   1   1  25   6   2   0 |   l = O
   0   1  14   8   5   3  17   4   0   2   0   3 654   1   1   7   2   3   7   3   1   0   3   0  19   0 |   m = R
   9   9   6   4   2   6   7   2   6   0   5   0   0 678   2   1   0   0  19   5   3   7   0   0   3   1 |   n = F
   1   1   1   3  15   2   1   0   0   1   2   7   2   1 646  10   2   4   1  15   1   0   2   8  10   0 |   o = C
   1   0  13   5   8   4  12   6   5   2   2   7  33   4   4 560   3   1   7   0   3   5   6   9  31   3 |   p = H
   0   0   0   4   2   0   5   1   0  11   0   7   6   1   0   3 696   0   3   1   3   4   1   1   3   0 |   q = W
   0   2   3   2   9  10   9   6   5   0  10   3   6   4   9   3   1 647   1  10   0   3   4   3   9   2 |   r = L
   0   0   0   0  10   1  11   0   1   0   0   4   1  30   2   2   2   0 722   2   0   8   5   0   1   1 |   s = P
   0   5   1   0  14   9   7   0   3   0  15   0   8   6  15   6   0   4   0 634   1   2  11   0  14  13 |   t = E
   1   0   3   1  11   0  10   4   0   1   0   0   7   2   0   3   8   0   1   0 693  12   2   3   2   0 |   u = V
  13   1   6   0   1   0   2   0   1   1   1   0   1   6   0   1   1   0   3   0  17 721   5   2   0   3 |   v = Y
   0   0   7   0   9   9   4   5   2   0   4  23   3  13   4   1   0   4   2  12   2   3 657   2   2  15 |   w = Q
   1   0   1   5   7   0   2   3   1  13   0   6   0   1   2  10   5   0   0   0   6   1   2 745   2   0 |   x = U
   0   0   1   0   9   0   2   2   0   0   9   0  25   0   4  15   1   0   1   6   1   0   2   4 657   0 |   y = K
   3   2   0   0   3  20   1   2  12   0   1   0   2   2   1   0   0   2   0  12   0   3   5   1   0 662 |   z = Z

-----------------------------------------------------------------------------
||                                  Result                                 ||
-----------------------------------------------------------------------------
|| ANN || Neurons: 41 Layers: 2 Epochs: 1000 Learning Rate: 4.0 Momentum: 1.0

Correctly Classified Instances         813                4.065  %
Incorrectly Classified Instances     19187               95.935  %
Kappa statistic                          0     
Mean absolute error                      0.074 
Root mean squared error                  0.1923
Relative absolute error                100      %
Root relative squared error            100      %
Total Number of Instances            20000     

Confusion Matrix
   a   b   c   d   e   f   g   h   i   j   k   l   m   n   o   p   q   r   s   t   u   v   w   x   y   z   <-- classified as
   0   0   0   0   0   0   0   0   0   0   0   0   0   0   0   0   0   0   0   0   0   0   0 796   0   0 |   a = T
   0   0   0   0   0   0   0   0   0   0   0   0   0   0   0   0   0   0   0   0   0   0   0 755   0   0 |   b = I
   0   0   0   0   0   0   0   0   0   0   0   0   0   0   0   0   0   0   0   0   0   0   0 805   0   0 |   c = D
   0   0   0   0   0   0   0   0   0   0   0   0   0   0   0   0   0   0   0   0   0   0   0 783   0   0 |   d = N
   0   0   0   0   0   0   0   0   0   0   0   0   0   0   0   0   0   0   0   0   0   0   0 773   0   0 |   e = G
   0   0   0   0   0   0   0   0   0   0   0   0   0   0   0   0   0   0   0   0   0   0   0 748   0   0 |   f = S
   0   0   0   0   0   0   0   0   0   0   0   0   0   0   0   0   0   0   0   0   0   0   0 766   0   0 |   g = B
   0   0   0   0   0   0   0   0   0   0   0   0   0   0   0   0   0   0   0   0   0   0   0 789   0   0 |   h = A
   0   0   0   0   0   0   0   0   0   0   0   0   0   0   0   0   0   0   0   0   0   0   0 747   0   0 |   i = J
   0   0   0   0   0   0   0   0   0   0   0   0   0   0   0   0   0   0   0   0   0   0   0 792   0   0 |   j = M
   0   0   0   0   0   0   0   0   0   0   0   0   0   0   0   0   0   0   0   0   0   0   0 787   0   0 |   k = X
   0   0   0   0   0   0   0   0   0   0   0   0   0   0   0   0   0   0   0   0   0   0   0 753   0   0 |   l = O
   0   0   0   0   0   0   0   0   0   0   0   0   0   0   0   0   0   0   0   0   0   0   0 758   0   0 |   m = R
   0   0   0   0   0   0   0   0   0   0   0   0   0   0   0   0   0   0   0   0   0   0   0 775   0   0 |   n = F
   0   0   0   0   0   0   0   0   0   0   0   0   0   0   0   0   0   0   0   0   0   0   0 736   0   0 |   o = C
   0   0   0   0   0   0   0   0   0   0   0   0   0   0   0   0   0   0   0   0   0   0   0 734   0   0 |   p = H
   0   0   0   0   0   0   0   0   0   0   0   0   0   0   0   0   0   0   0   0   0   0   0 752   0   0 |   q = W
   0   0   0   0   0   0   0   0   0   0   0   0   0   0   0   0   0   0   0   0   0   0   0 761   0   0 |   r = L
   0   0   0   0   0   0   0   0   0   0   0   0   0   0   0   0   0   0   0   0   0   0   0 803   0   0 |   s = P
   0   0   0   0   0   0   0   0   0   0   0   0   0   0   0   0   0   0   0   0   0   0   0 768   0   0 |   t = E
   0   0   0   0   0   0   0   0   0   0   0   0   0   0   0   0   0   0   0   0   0   0   0 764   0   0 |   u = V
   0   0   0   0   0   0   0   0   0   0   0   0   0   0   0   0   0   0   0   0   0   0   0 786   0   0 |   v = Y
   0   0   0   0   0   0   0   0   0   0   0   0   0   0   0   0   0   0   0   0   0   0   0 783   0   0 |   w = Q
   0   0   0   0   0   0   0   0   0   0   0   0   0   0   0   0   0   0   0   0   0   0   0 813   0   0 |   x = U
   0   0   0   0   0   0   0   0   0   0   0   0   0   0   0   0   0   0   0   0   0   0   0 739   0   0 |   y = K
   0   0   0   0   0   0   0   0   0   0   0   0   0   0   0   0   0   0   0   0   0   0   0 734   0   0 |   z = Z

-----------------------------------------------------------------------------
||                                  Result                                 ||
-----------------------------------------------------------------------------
|| ANN || Neurons: 41 Layers: 2 Epochs: 1200 Learning Rate: 1.75 Momentum: 2.75

Correctly Classified Instances       17974               89.87   %
Incorrectly Classified Instances      2026               10.13   %
Kappa statistic                          0.8946
Mean absolute error                      0.0086
Root mean squared error                  0.0834
Relative absolute error                 11.5949 %
Root relative squared error             43.3625 %
Total Number of Instances            20000     

Confusion Matrix
   a   b   c   d   e   f   g   h   i   j   k   l   m   n   o   p   q   r   s   t   u   v   w   x   y   z   <-- classified as
 687   1   4   3  10   5   7   0   0   0  11   3   9   3   5   5   0   1   0  19   0  10   4   1   3   5 |   a = T
   3 676   4   0   0  20   2   0  10   0  11   2   0   9   1   0   0   1   6   1   0   4   1   0   2   2 |   b = I
   0   1 739   5   0   3   7   2   1   1   0   4   7   1   0  16   1   2   2   0   0   0   3   6   4   0 |   c = D
   0   0   7 735   1   0   0   0   3   5   0   6  10   0   0   9   1   0   0   0   0   0   1   2   3   0 |   d = N
   0   4   6   0 691   4   8   3   0   1   1  10   6   0  13   1   3   1   2   5   0   2   7   3   2   0 |   e = G
   0   2   1   0   1 696   9   3   2   0   0   1   2   2   0   3   0   1   1   9   0   2   3   0   3   7 |   f = S
   0   3   9   3   1  11 693   1   1   0   4   1  23   2   0   1   0   0   0   5   0   4   1   1   2   0 |   g = B
   0   0   2   6   5   1   5 725   1   4   0   1   0   0   0   0   2   1   3   1   0  12   5   4   1  10 |   h = A
   6  18   3   3   0  10   2   2 628   0   8   3   2  11   1   7   0   0   6   3   1   7   2   1   0  23 |   i = J
   0   0   3   7   9   0   9   0   2 736   0   0   2   0   1   0   4   0   0   5   0   1   1   8   4   0 |   j = M
   1   2   4   0   1   5   1   0   3   0 740   0   1   3   1   1   0   0   0   8   1   1   0   2  12   0 |   k = X
   0   0   9   8  10   2   1   2   4   2   1 653   5   0   3   3  16   0   2   0   0   1  24   7   0   0 |   l = O
   0   0   7   9   5   4  17   2   2   1   3   2 674   0   1   8   1   1   1   2   0   0   4   1  13   0 |   m = R
   7   9   2   2   1   7   5   2   4   0   4   0   9 665   7   4   1   0  22  10   0   2   1   2   7   2 |   n = F
   0   1   1   1  21   1   1   4   0   1   4   9   2   0 646   4   1   5   0  16   0   0   4  10   4   0 |   o = C
   0   0  13   7  10   6  12   3   2   0   1   3  20   4   7 592   0   0   4   0   1   5  10   4  27   3 |   p = H
   0   0   0   8   6   0   6   1   1   7   0   0   7   0   1   4 694   0   0   3   1   1   0  10   2   0 |   q = W
   0   2   0   2  13  11   3   6   0   0  19   0  13   1   8   3   0 650   0  10   0   2   6   1   8   3 |   r = L
   0   1   1   0   8   1   6   2   4   0   0   0   6  13   0   0   4   0 736  11   0   2   8   0   0   0 |   s = P
   0   0   0   0  20   7   6   0   0   0   5   1   6   0   8   0   0   1   0 689   0   1   5   1   7  11 |   t = E
   1   0   1   3   8   0  17   0   0   0   0   1   7   1   0   2  10   0   4   2 686  13   3   4   1   0 |   u = V
  13   0   2   0   4   2   1   2   1   1   2   0   0   4   0   0   2   0   3   0   5 736   1   5   0   2 |   v = Y
   0   3   5   1  14  14   7   1   2   0   1  14   4   4   1   0   1   8   1  12   0   2 662   1   0  25 |   w = Q
   0   0   1   6   0   0   2   1   0   3   0   4   0   1   0   2   4   0   0   1   0   1   0 785   2   0 |   x = U
   0   0   2   0   4   0   1   1   2   2  10   0  13   0   2  18   0   0   1   2   0   0   1   5 675   0 |   y = K
   1   2   2   0   0  15   0   0   6   0   5   1   0   0   1   0   0   2   0   9   0   2   3   0   0 685 |   z = Z

-----------------------------------------------------------------------------
||                                  Result                                 ||
-----------------------------------------------------------------------------
|| ANN || Neurons: 40 Layers: 2 Epochs: 1400 Learning Rate: 1.25 Momentum: 1.75

Correctly Classified Instances       17794               88.97   %
Incorrectly Classified Instances      2206               11.03   %
Kappa statistic                          0.8853
Mean absolute error                      0.0093
Root mean squared error                  0.0876
Relative absolute error                 12.521  %
Root relative squared error             45.5536 %
Total Number of Instances            20000     

Confusion Matrix
   a   b   c   d   e   f   g   h   i   j   k   l   m   n   o   p   q   r   s   t   u   v   w   x   y   z   <-- classified as
 670   0   1   0  13   4   8   1   1   0  12   0   1   8   4   6   0   3   5  17   1  14   2   7   9   9 |   a = T
   2 673   5   0   3  17   4   0  18   0   5   0   0   5   2   0   0   2   6   2   0   2   3   0   1   5 |   b = I
   0   4 717   5   0   2   7   1   4   2   2  13   9   3   0  20   0   0   5   1   0   0   2   5   2   1 |   c = D
   0   0  10 721   0   0   2   4   1   6   1  10   7   1   0   8   3   0   2   0   0   3   1   1   2   0 |   d = N
   2   4  13   0 648   6   6   2   5   2   2   6   7  10  12   0   2   4   4  11   2   5   8   5   7   0 |   e = G
   2   4   6   0   0 666   8   5   2   0   9   0   5   5   0   2   0  12   1  11   0   1   3   0   0   6 |   f = S
   1   1  16   1   2   8 697   0   0   0   3   0  11   6   0   2   0   0   1   7   0   1   1   2   4   2 |   g = B
   0   0   0   2   1   2  10 725   2   4   2   3   1   1   6   1   1   2   3   0   2   9   5   3   1   3 |   h = A
   0   9   2   3   0  12   3   2 672   0  11   3   0   4   2   1   0   0   3   2   0   3   5   0   0  10 |   i = J
   0   0   1   9   6   0  11   3   0 735   0   5   3   0   1   2   8   0   0   0   0   0   1   3   4   0 |   j = M
   2   2   4   0   1   4   2   0   1   0 733   3   0   1   0   0   0   3   0  13   2   3   0   0  12   1 |   k = X
   0   1  18   5   5   0   2   5   4   0   0 662   7   0   3   5   7   1   0   1   4   0  17   6   0   0 |   l = O
   2   0  11   9   6   2  25   1   1   1   3   6 662   1   2   7   0   0   0   4   0   0   1   0  14   0 |   m = R
  10   4   8   0  10  22   8   1   3   0   1   0   3 660   5   0   2   0  15  12   0   1   2   0   6   2 |   n = F
   1   1   0   0  16   1   0   1   0   3   1   8   3   2 644   7   0   0   0  28   2   0   6   7   5   0 |   o = C
   0   1  22   5  11   3  22   4   2   2   5   3  30  10   0 563   2   0   5   2   2   5   2   6  20   7 |   p = H
   0   0   0   9   3   0   3   1   0   8   0   5   3   0   0   1 705   0   1   3   2   0   0   4   4   0 |   q = W
   0   2   2   1   7  10   3   9   2   0   8   1   8   1  12   3   0 651   2  16   0   3   9   0  10   1 |   r = L
   0   0   4   0   8   2   4   2   0   0   0   4   3  29   4   0   0   0 725   5   1   4   7   1   0   0 |   s = P
   0   2   0   0  18  10   6   0   1   0   7   0   2   2   4   1   0   1   0 696   0   1   7   0   3   7 |   t = E
   2   0   1   4   4   0  13   1   0   0   0   4   8   0   6   0  10   0   4   3 691   8   1   2   2   0 |   u = V
   9   0   0   1   0   3   1   1   1   2   1   0   0   5   1   1   2   0   4   0  15 732   3   3   0   1 |   v = Y
   0   3   3   0  13   9   5   5   3   0   1  18   2   0   3   0   1  10   1  16   2   2 669   0   1  16 |   w = Q
   0   0   1  11   1   0   2   3   1   7   1   6   1   0   2   7   8   0   0   0   3   3   0 755   1   0 |   x = U
   1   1   2   0   5   2   4   3   0   0  11   0  19   0   5  14   1   0   0   8   0   0   1   3 659   0 |   y = K
   3   1   0   0   0  26   2   3  14   0   2   0   2   0   0   0   0   3   0  10   0   3   2   0   0 663 |   z = Z

-----------------------------------------------------------------------------
||                                  Result                                 ||
-----------------------------------------------------------------------------
|| ANN || Neurons: 40 Layers: 2 Epochs: 1400 Learning Rate: 3.75 Momentum: 2.75

Correctly Classified Instances       17794               88.97   %
Incorrectly Classified Instances      2206               11.03   %
Kappa statistic                          0.8853
Mean absolute error                      0.0093
Root mean squared error                  0.0876
Relative absolute error                 12.521  %
Root relative squared error             45.5536 %
Total Number of Instances            20000     

Confusion Matrix
   a   b   c   d   e   f   g   h   i   j   k   l   m   n   o   p   q   r   s   t   u   v   w   x   y   z   <-- classified as
 670   0   1   0  13   4   8   1   1   0  12   0   1   8   4   6   0   3   5  17   1  14   2   7   9   9 |   a = T
   2 673   5   0   3  17   4   0  18   0   5   0   0   5   2   0   0   2   6   2   0   2   3   0   1   5 |   b = I
   0   4 717   5   0   2   7   1   4   2   2  13   9   3   0  20   0   0   5   1   0   0   2   5   2   1 |   c = D
   0   0  10 721   0   0   2   4   1   6   1  10   7   1   0   8   3   0   2   0   0   3   1   1   2   0 |   d = N
   2   4  13   0 648   6   6   2   5   2   2   6   7  10  12   0   2   4   4  11   2   5   8   5   7   0 |   e = G
   2   4   6   0   0 666   8   5   2   0   9   0   5   5   0   2   0  12   1  11   0   1   3   0   0   6 |   f = S
   1   1  16   1   2   8 697   0   0   0   3   0  11   6   0   2   0   0   1   7   0   1   1   2   4   2 |   g = B
   0   0   0   2   1   2  10 725   2   4   2   3   1   1   6   1   1   2   3   0   2   9   5   3   1   3 |   h = A
   0   9   2   3   0  12   3   2 672   0  11   3   0   4   2   1   0   0   3   2   0   3   5   0   0  10 |   i = J
   0   0   1   9   6   0  11   3   0 735   0   5   3   0   1   2   8   0   0   0   0   0   1   3   4   0 |   j = M
   2   2   4   0   1   4   2   0   1   0 733   3   0   1   0   0   0   3   0  13   2   3   0   0  12   1 |   k = X
   0   1  18   5   5   0   2   5   4   0   0 662   7   0   3   5   7   1   0   1   4   0  17   6   0   0 |   l = O
   2   0  11   9   6   2  25   1   1   1   3   6 662   1   2   7   0   0   0   4   0   0   1   0  14   0 |   m = R
  10   4   8   0  10  22   8   1   3   0   1   0   3 660   5   0   2   0  15  12   0   1   2   0   6   2 |   n = F
   1   1   0   0  16   1   0   1   0   3   1   8   3   2 644   7   0   0   0  28   2   0   6   7   5   0 |   o = C
   0   1  22   5  11   3  22   4   2   2   5   3  30  10   0 563   2   0   5   2   2   5   2   6  20   7 |   p = H
   0   0   0   9   3   0   3   1   0   8   0   5   3   0   0   1 705   0   1   3   2   0   0   4   4   0 |   q = W
   0   2   2   1   7  10   3   9   2   0   8   1   8   1  12   3   0 651   2  16   0   3   9   0  10   1 |   r = L
   0   0   4   0   8   2   4   2   0   0   0   4   3  29   4   0   0   0 725   5   1   4   7   1   0   0 |   s = P
   0   2   0   0  18  10   6   0   1   0   7   0   2   2   4   1   0   1   0 696   0   1   7   0   3   7 |   t = E
   2   0   1   4   4   0  13   1   0   0   0   4   8   0   6   0  10   0   4   3 691   8   1   2   2   0 |   u = V
   9   0   0   1   0   3   1   1   1   2   1   0   0   5   1   1   2   0   4   0  15 732   3   3   0   1 |   v = Y
   0   3   3   0  13   9   5   5   3   0   1  18   2   0   3   0   1  10   1  16   2   2 669   0   1  16 |   w = Q
   0   0   1  11   1   0   2   3   1   7   1   6   1   0   2   7   8   0   0   0   3   3   0 755   1   0 |   x = U
   1   1   2   0   5   2   4   3   0   0  11   0  19   0   5  14   1   0   0   8   0   0   1   3 659   0 |   y = K
   3   1   0   0   0  26   2   3  14   0   2   0   2   0   0   0   0   3   0  10   0   3   2   0   0 663 |   z = Z

-----------------------------------------------------------------------------
||                                  Result                                 ||
-----------------------------------------------------------------------------
|| ANN || Neurons: 41 Layers: 2 Epochs: 1200 Learning Rate: 1.75 Momentum: 2.0

Correctly Classified Instances       17974               89.87   %
Incorrectly Classified Instances      2026               10.13   %
Kappa statistic                          0.8946
Mean absolute error                      0.0086
Root mean squared error                  0.0834
Relative absolute error                 11.5949 %
Root relative squared error             43.3625 %
Total Number of Instances            20000     

Confusion Matrix
   a   b   c   d   e   f   g   h   i   j   k   l   m   n   o   p   q   r   s   t   u   v   w   x   y   z   <-- classified as
 687   1   4   3  10   5   7   0   0   0  11   3   9   3   5   5   0   1   0  19   0  10   4   1   3   5 |   a = T
   3 676   4   0   0  20   2   0  10   0  11   2   0   9   1   0   0   1   6   1   0   4   1   0   2   2 |   b = I
   0   1 739   5   0   3   7   2   1   1   0   4   7   1   0  16   1   2   2   0   0   0   3   6   4   0 |   c = D
   0   0   7 735   1   0   0   0   3   5   0   6  10   0   0   9   1   0   0   0   0   0   1   2   3   0 |   d = N
   0   4   6   0 691   4   8   3   0   1   1  10   6   0  13   1   3   1   2   5   0   2   7   3   2   0 |   e = G
   0   2   1   0   1 696   9   3   2   0   0   1   2   2   0   3   0   1   1   9   0   2   3   0   3   7 |   f = S
   0   3   9   3   1  11 693   1   1   0   4   1  23   2   0   1   0   0   0   5   0   4   1   1   2   0 |   g = B
   0   0   2   6   5   1   5 725   1   4   0   1   0   0   0   0   2   1   3   1   0  12   5   4   1  10 |   h = A
   6  18   3   3   0  10   2   2 628   0   8   3   2  11   1   7   0   0   6   3   1   7   2   1   0  23 |   i = J
   0   0   3   7   9   0   9   0   2 736   0   0   2   0   1   0   4   0   0   5   0   1   1   8   4   0 |   j = M
   1   2   4   0   1   5   1   0   3   0 740   0   1   3   1   1   0   0   0   8   1   1   0   2  12   0 |   k = X
   0   0   9   8  10   2   1   2   4   2   1 653   5   0   3   3  16   0   2   0   0   1  24   7   0   0 |   l = O
   0   0   7   9   5   4  17   2   2   1   3   2 674   0   1   8   1   1   1   2   0   0   4   1  13   0 |   m = R
   7   9   2   2   1   7   5   2   4   0   4   0   9 665   7   4   1   0  22  10   0   2   1   2   7   2 |   n = F
   0   1   1   1  21   1   1   4   0   1   4   9   2   0 646   4   1   5   0  16   0   0   4  10   4   0 |   o = C
   0   0  13   7  10   6  12   3   2   0   1   3  20   4   7 592   0   0   4   0   1   5  10   4  27   3 |   p = H
   0   0   0   8   6   0   6   1   1   7   0   0   7   0   1   4 694   0   0   3   1   1   0  10   2   0 |   q = W
   0   2   0   2  13  11   3   6   0   0  19   0  13   1   8   3   0 650   0  10   0   2   6   1   8   3 |   r = L
   0   1   1   0   8   1   6   2   4   0   0   0   6  13   0   0   4   0 736  11   0   2   8   0   0   0 |   s = P
   0   0   0   0  20   7   6   0   0   0   5   1   6   0   8   0   0   1   0 689   0   1   5   1   7  11 |   t = E
   1   0   1   3   8   0  17   0   0   0   0   1   7   1   0   2  10   0   4   2 686  13   3   4   1   0 |   u = V
  13   0   2   0   4   2   1   2   1   1   2   0   0   4   0   0   2   0   3   0   5 736   1   5   0   2 |   v = Y
   0   3   5   1  14  14   7   1   2   0   1  14   4   4   1   0   1   8   1  12   0   2 662   1   0  25 |   w = Q
   0   0   1   6   0   0   2   1   0   3   0   4   0   1   0   2   4   0   0   1   0   1   0 785   2   0 |   x = U
   0   0   2   0   4   0   1   1   2   2  10   0  13   0   2  18   0   0   1   2   0   0   1   5 675   0 |   y = K
   1   2   2   0   0  15   0   0   6   0   5   1   0   0   1   0   0   2   0   9   0   2   3   0   0 685 |   z = Z

-----------------------------------------------------------------------------
||                                  Result                                 ||
-----------------------------------------------------------------------------
|| ANN || Neurons: 41 Layers: 2 Epochs: 1200 Learning Rate: 1.75 Momentum: 2.25

Correctly Classified Instances       17974               89.87   %
Incorrectly Classified Instances      2026               10.13   %
Kappa statistic                          0.8946
Mean absolute error                      0.0086
Root mean squared error                  0.0834
Relative absolute error                 11.5949 %
Root relative squared error             43.3625 %
Total Number of Instances            20000     

Confusion Matrix
   a   b   c   d   e   f   g   h   i   j   k   l   m   n   o   p   q   r   s   t   u   v   w   x   y   z   <-- classified as
 687   1   4   3  10   5   7   0   0   0  11   3   9   3   5   5   0   1   0  19   0  10   4   1   3   5 |   a = T
   3 676   4   0   0  20   2   0  10   0  11   2   0   9   1   0   0   1   6   1   0   4   1   0   2   2 |   b = I
   0   1 739   5   0   3   7   2   1   1   0   4   7   1   0  16   1   2   2   0   0   0   3   6   4   0 |   c = D
   0   0   7 735   1   0   0   0   3   5   0   6  10   0   0   9   1   0   0   0   0   0   1   2   3   0 |   d = N
   0   4   6   0 691   4   8   3   0   1   1  10   6   0  13   1   3   1   2   5   0   2   7   3   2   0 |   e = G
   0   2   1   0   1 696   9   3   2   0   0   1   2   2   0   3   0   1   1   9   0   2   3   0   3   7 |   f = S
   0   3   9   3   1  11 693   1   1   0   4   1  23   2   0   1   0   0   0   5   0   4   1   1   2   0 |   g = B
   0   0   2   6   5   1   5 725   1   4   0   1   0   0   0   0   2   1   3   1   0  12   5   4   1  10 |   h = A
   6  18   3   3   0  10   2   2 628   0   8   3   2  11   1   7   0   0   6   3   1   7   2   1   0  23 |   i = J
   0   0   3   7   9   0   9   0   2 736   0   0   2   0   1   0   4   0   0   5   0   1   1   8   4   0 |   j = M
   1   2   4   0   1   5   1   0   3   0 740   0   1   3   1   1   0   0   0   8   1   1   0   2  12   0 |   k = X
   0   0   9   8  10   2   1   2   4   2   1 653   5   0   3   3  16   0   2   0   0   1  24   7   0   0 |   l = O
   0   0   7   9   5   4  17   2   2   1   3   2 674   0   1   8   1   1   1   2   0   0   4   1  13   0 |   m = R
   7   9   2   2   1   7   5   2   4   0   4   0   9 665   7   4   1   0  22  10   0   2   1   2   7   2 |   n = F
   0   1   1   1  21   1   1   4   0   1   4   9   2   0 646   4   1   5   0  16   0   0   4  10   4   0 |   o = C
   0   0  13   7  10   6  12   3   2   0   1   3  20   4   7 592   0   0   4   0   1   5  10   4  27   3 |   p = H
   0   0   0   8   6   0   6   1   1   7   0   0   7   0   1   4 694   0   0   3   1   1   0  10   2   0 |   q = W
   0   2   0   2  13  11   3   6   0   0  19   0  13   1   8   3   0 650   0  10   0   2   6   1   8   3 |   r = L
   0   1   1   0   8   1   6   2   4   0   0   0   6  13   0   0   4   0 736  11   0   2   8   0   0   0 |   s = P
   0   0   0   0  20   7   6   0   0   0   5   1   6   0   8   0   0   1   0 689   0   1   5   1   7  11 |   t = E
   1   0   1   3   8   0  17   0   0   0   0   1   7   1   0   2  10   0   4   2 686  13   3   4   1   0 |   u = V
  13   0   2   0   4   2   1   2   1   1   2   0   0   4   0   0   2   0   3   0   5 736   1   5   0   2 |   v = Y
   0   3   5   1  14  14   7   1   2   0   1  14   4   4   1   0   1   8   1  12   0   2 662   1   0  25 |   w = Q
   0   0   1   6   0   0   2   1   0   3   0   4   0   1   0   2   4   0   0   1   0   1   0 785   2   0 |   x = U
   0   0   2   0   4   0   1   1   2   2  10   0  13   0   2  18   0   0   1   2   0   0   1   5 675   0 |   y = K
   1   2   2   0   0  15   0   0   6   0   5   1   0   0   1   0   0   2   0   9   0   2   3   0   0 685 |   z = Z

-----------------------------------------------------------------------------
||                                  Result                                 ||
-----------------------------------------------------------------------------
|| ANN || Neurons: 41 Layers: 2 Epochs: 1200 Learning Rate: 3.25 Momentum: 2.25

Correctly Classified Instances       17974               89.87   %
Incorrectly Classified Instances      2026               10.13   %
Kappa statistic                          0.8946
Mean absolute error                      0.0086
Root mean squared error                  0.0834
Relative absolute error                 11.5949 %
Root relative squared error             43.3625 %
Total Number of Instances            20000     

Confusion Matrix
   a   b   c   d   e   f   g   h   i   j   k   l   m   n   o   p   q   r   s   t   u   v   w   x   y   z   <-- classified as
 687   1   4   3  10   5   7   0   0   0  11   3   9   3   5   5   0   1   0  19   0  10   4   1   3   5 |   a = T
   3 676   4   0   0  20   2   0  10   0  11   2   0   9   1   0   0   1   6   1   0   4   1   0   2   2 |   b = I
   0   1 739   5   0   3   7   2   1   1   0   4   7   1   0  16   1   2   2   0   0   0   3   6   4   0 |   c = D
   0   0   7 735   1   0   0   0   3   5   0   6  10   0   0   9   1   0   0   0   0   0   1   2   3   0 |   d = N
   0   4   6   0 691   4   8   3   0   1   1  10   6   0  13   1   3   1   2   5   0   2   7   3   2   0 |   e = G
   0   2   1   0   1 696   9   3   2   0   0   1   2   2   0   3   0   1   1   9   0   2   3   0   3   7 |   f = S
   0   3   9   3   1  11 693   1   1   0   4   1  23   2   0   1   0   0   0   5   0   4   1   1   2   0 |   g = B
   0   0   2   6   5   1   5 725   1   4   0   1   0   0   0   0   2   1   3   1   0  12   5   4   1  10 |   h = A
   6  18   3   3   0  10   2   2 628   0   8   3   2  11   1   7   0   0   6   3   1   7   2   1   0  23 |   i = J
   0   0   3   7   9   0   9   0   2 736   0   0   2   0   1   0   4   0   0   5   0   1   1   8   4   0 |   j = M
   1   2   4   0   1   5   1   0   3   0 740   0   1   3   1   1   0   0   0   8   1   1   0   2  12   0 |   k = X
   0   0   9   8  10   2   1   2   4   2   1 653   5   0   3   3  16   0   2   0   0   1  24   7   0   0 |   l = O
   0   0   7   9   5   4  17   2   2   1   3   2 674   0   1   8   1   1   1   2   0   0   4   1  13   0 |   m = R
   7   9   2   2   1   7   5   2   4   0   4   0   9 665   7   4   1   0  22  10   0   2   1   2   7   2 |   n = F
   0   1   1   1  21   1   1   4   0   1   4   9   2   0 646   4   1   5   0  16   0   0   4  10   4   0 |   o = C
   0   0  13   7  10   6  12   3   2   0   1   3  20   4   7 592   0   0   4   0   1   5  10   4  27   3 |   p = H
   0   0   0   8   6   0   6   1   1   7   0   0   7   0   1   4 694   0   0   3   1   1   0  10   2   0 |   q = W
   0   2   0   2  13  11   3   6   0   0  19   0  13   1   8   3   0 650   0  10   0   2   6   1   8   3 |   r = L
   0   1   1   0   8   1   6   2   4   0   0   0   6  13   0   0   4   0 736  11   0   2   8   0   0   0 |   s = P
   0   0   0   0  20   7   6   0   0   0   5   1   6   0   8   0   0   1   0 689   0   1   5   1   7  11 |   t = E
   1   0   1   3   8   0  17   0   0   0   0   1   7   1   0   2  10   0   4   2 686  13   3   4   1   0 |   u = V
  13   0   2   0   4   2   1   2   1   1   2   0   0   4   0   0   2   0   3   0   5 736   1   5   0   2 |   v = Y
   0   3   5   1  14  14   7   1   2   0   1  14   4   4   1   0   1   8   1  12   0   2 662   1   0  25 |   w = Q
   0   0   1   6   0   0   2   1   0   3   0   4   0   1   0   2   4   0   0   1   0   1   0 785   2   0 |   x = U
   0   0   2   0   4   0   1   1   2   2  10   0  13   0   2  18   0   0   1   2   0   0   1   5 675   0 |   y = K
   1   2   2   0   0  15   0   0   6   0   5   1   0   0   1   0   0   2   0   9   0   2   3   0   0 685 |   z = Z

-----------------------------------------------------------------------------
||                                  Result                                 ||
-----------------------------------------------------------------------------
|| ANN || Neurons: 33 Layers: 2 Epochs: 2000 Learning Rate: 1.75 Momentum: 2.5

Correctly Classified Instances       17363               86.815  %
Incorrectly Classified Instances      2637               13.185  %
Kappa statistic                          0.8629
Mean absolute error                      0.0109
Root mean squared error                  0.0953
Relative absolute error                 14.6918 %
Root relative squared error             49.5755 %
Total Number of Instances            20000     

Confusion Matrix
   a   b   c   d   e   f   g   h   i   j   k   l   m   n   o   p   q   r   s   t   u   v   w   x   y   z   <-- classified as
 654   3   7   3   5   6   9   0   0   1  17   5   6  10   0  16   0   0   0  10   3  16   3   4   7  11 |   a = T
   2 671   6   1   0  11   3   0  12   0  10   2   0  10   6   0   0   2  10   2   0   5   1   0   0   1 |   b = I
   0   0 716   7   0   5  10   1   4   6   7  14   3   2   0  14   0   3   4   2   0   0   1   3   1   2 |   c = D
   0   3  14 698   0   0   4   3   0   9   2  11  15   1   1   7   3   0   1   0   2   2   0   5   2   0 |   d = N
   0   1  12   1 608  11   8   5   3   2   2   6   5   5  18   4   2   4   7  15   9   4  26   2  12   1 |   e = G
   5   4  10   1   2 626  21   3   4   0   3   9   3   1   3   1   0   6   3  10   1   4   8   2   1  17 |   f = S
   0   0  15   1   3  12 682   0   0   1   7   3  16   3   0   5   0   0   1   9   2   0   1   1   4   0 |   g = B
   1   1   1   4   1  11   2 714  10   4   1   2   2   1   0   4   3   1   1   0   1   5   1   5   8   5 |   h = A
   2  20   6   1   0  15   1   3 650   1   7   5   1   8   1   3   1   1   1   1   0   1   0   2   0  16 |   i = J
   0   0   0  11   6   1   7   2   0 740   0   3   6   1   0   6   1   0   0   2   0   0   1   2   3   0 |   j = M
   1   3   3   1   0   3   6   0   4   0 731   2   1   2   1   0   0   0   0   9   0   3   2   1  12   2 |   k = X
   0   0  11   5   8   3   1   5   1   9   1 633  13   0   3   8  10   3   2   0   5   0  20  12   0   0 |   l = O
   0   0   7   7   4   2  27  10   1   1   6   2 646   0   0  13   0   0   1   1   1   0   2   1  26   0 |   m = R
   8  10   2   1   5  11  13   0   8   1   4   1   3 653   6   4   1   0  18  13   2   3   4   0   1   3 |   n = F
   0   1   0   3  21   4   0   1   2   5   3  12   1   1 611   8   2   1   1  16   0   0   5  13  25   0 |   o = C
   0   1  25   9   6   0  14   4   6   9   6   8  39   2   1 545   1   1   3   2   5   7   3   9  24   4 |   p = H
   1   0   1  12   1   0   4   2   0  20   0   1   5   1   5   0 680   1   0   4   8   0   1   5   0   0 |   q = W
   0   4   3   4  10   7   7   6   1   0  12   1   4   2   9   4   0 644   0  24   0   2   3   0  11   3 |   r = L
   0   2   7   0   5   3   9   0   1   0   0   4  10  27   2   4   0   0 715   6   0   3   4   1   0   0 |   s = P
   1   2   1   0  14   5   6   0   0   0  10   1   7   2   6   3   0   3   3 669   1   0   8   1   8  17 |   t = E
   0   0   1   4   7   0  12   2   0   1   0   0   6   2   0   3  15   0   1   6 680  17   6   0   1   0 |   u = V
  13   2   1   0   2   4   2   0   1   1   5   0   0   4   0   3   3   0   5   2  18 713   3   3   0   1 |   v = Y
   0   4   6   0   9   5   7  10   0   0   1  18   6   0   2   1   0  10   2  17   3   2 651   0   4  25 |   w = Q
   0   0   6   4   1   1   1   2   2  11   2   8   2   0   0  11   5   3   1   0   4   1   2 743   3   0 |   x = U
   0   0   3   2   5   3   4   0   0   7  24   0  28   0   6  20   0   0   0  12   0   0   1   0 623   1 |   y = K
   1   5   0   1   0  20   2   2  10   0   4   1   1   2   0   0   0   2   1  11   0   0   4   0   0 667 |   z = Z

-----------------------------------------------------------------------------
||                                  Result                                 ||
-----------------------------------------------------------------------------
|| ANN || Neurons: 42 Layers: 2 Epochs: 1600 Learning Rate: 3.25 Momentum: 1.25

Correctly Classified Instances       17831               89.155  %
Incorrectly Classified Instances      2169               10.845  %
Kappa statistic                          0.8872
Mean absolute error                      0.009 
Root mean squared error                  0.0872
Relative absolute error                 12.178  %
Root relative squared error             45.3374 %
Total Number of Instances            20000     

Confusion Matrix
   a   b   c   d   e   f   g   h   i   j   k   l   m   n   o   p   q   r   s   t   u   v   w   x   y   z   <-- classified as
 668   1   5   6   7   3  10   3   1   0  12   1   8   7   4   8   0   0   0  18   0   8   3   7   5  11 |   a = T
   2 688   2   2   0  12   1   3   6   0   9   0   3   8   2   0   0   0   2   6   0   5   2   0   0   2 |   b = I
   0   1 739   3   1   3   7   1   4   4   3   9   6   1   0  10   0   1   2   0   0   0   0   7   3   0 |   c = D
   0   0  11 732   0   0   0   0   2   4   0  10   6   1   0   6   0   0   1   0   0   1   2   4   3   0 |   d = N
   2   2   6   0 653   8  10   5   5   1   2  18   3   4  10   1   1  10   3   6   0   0  15   1   6   1 |   e = G
   2   3   3   0   1 677   6   1   3   0   6   1   3   5   0   2   0   7   2  14   0   3   1   0   3   5 |   f = S
   0   0  10   0   3   3 691   1   1   0   3   1  26   1   1   1   2   0   3   7   0   2   0   4   6   0 |   g = B
   0   1   3   7   2   5   1 730   3   1   1   0   2   1   1   4   0   5   1   0   0   8   5   4   1   3 |   h = A
   2  12   1   1   0  15   0   8 646   1  10   0   1  17   7   3   0   1   4   5   0   3   3   4   1   2 |   i = J
   0   0   1  13   7   1   4   0   0 738   0   2   7   0   0   2   5   0   0   4   1   0   1   3   3   0 |   j = M
   1   0   5   0   0   4   0   0   1   0 748   1   1   4   2   0   0   0   0   2   1   1   0   1  13   2 |   k = X
   0   0   7   2   7   2   0   7   3   4   0 664  13   0   1  10   9   3   1   0   0   0  14   5   1   0 |   l = O
   0   0   4  11   5   0  16   2   1   1   1   2 679   1   0   7   1   0   1   4   0   0   6   1  15   0 |   m = R
   9   2   3   6   2   7   6   0   3   0   4   1   3 684   3   2   1   0  16  15   1   3   0   0   2   2 |   n = F
   0   2   0   4  23   0   1   2   1   2   0   8   3   0 634  11   0   3   0  19   1   0   3   7  12   0 |   o = C
   1   0  15   6   9   3  11   5   7   2   2   3  23   6   0 582   2   1   1   2   2   9   8   7  27   0 |   p = H
   0   0   1   5   6   0   3   0   0  13   0   2   3   0   1   1 703   0   0   2   1   0   3   6   2   0 |   q = W
   0   2   3   5   9   7   9   8   0   0  14   0  12   2  10   3   0 643   0  16   1   3   3   4   7   0 |   r = L
   0   3   1   2   5   2   9   1   0   0   0   3   5  27   0   1   1   0 722   7   1   2   5   3   3   0 |   s = P
   1   2   1   0  24   6   8   0   1   0   2   1   0   1   6   0   0   1   0 690   0   2   6   0   8   8 |   t = E
   1   0   2   9   6   0  15   2   1   1   0   4   1   0   1   3  14   0   3   3 678   7   0  11   2   0 |   u = V
  10   0   0   2   0   2   1   2   0   1   3   0   0   5   0   1   1   0   1   0   8 744   4   1   0   0 |   v = Y
   2   2   7   0   9  11  10   5   4   0   2  21   2   4   1   0   1  13   2  22   2   4 627   2   2  28 |   w = Q
   0   0   1   8   2   0   2   1   0   8   0   2   0   0   1   3   5   0   1   0   1   3   2 769   4   0 |   x = U
   0   0   1   1   6   2   0   0   0   2  12   1  14   0   3   7   0   1   1   4   0   0   1   2 681   0 |   y = K
   7   3   1   1   0  28   2   5   9   0  10   0   0   3   1   1   0   7   1  17   0   6  10   0   1 621 |   z = Z

-----------------------------------------------------------------------------
