||                                  Result                                 ||
-----------------------------------------------------------------------------
|| ANN || Neurons: 40 Layers: 2 Epochs: 1400 Learning Rate: 3.25 Momentum: 1.75

Correctly Classified Instances       17794               88.97   %
Incorrectly Classified Instances      2206               11.03   %
Kappa statistic                          0.8853
Mean absolute error                      0.0093
Root mean squared error                  0.0876
Relative absolute error                 12.521  %
Root relative squared error             45.5536 %
Total Number of Instances            20000     

Confusion Matrix
   a   b   c   d   e   f   g   h   i   j   k   l   m   n   o   p   q   r   s   t   u   v   w   x   y   z   <-- classified as
 670   0   1   0  13   4   8   1   1   0  12   0   1   8   4   6   0   3   5  17   1  14   2   7   9   9 |   a = T
   2 673   5   0   3  17   4   0  18   0   5   0   0   5   2   0   0   2   6   2   0   2   3   0   1   5 |   b = I
   0   4 717   5   0   2   7   1   4   2   2  13   9   3   0  20   0   0   5   1   0   0   2   5   2   1 |   c = D
   0   0  10 721   0   0   2   4   1   6   1  10   7   1   0   8   3   0   2   0   0   3   1   1   2   0 |   d = N
   2   4  13   0 648   6   6   2   5   2   2   6   7  10  12   0   2   4   4  11   2   5   8   5   7   0 |   e = G
   2   4   6   0   0 666   8   5   2   0   9   0   5   5   0   2   0  12   1  11   0   1   3   0   0   6 |   f = S
   1   1  16   1   2   8 697   0   0   0   3   0  11   6   0   2   0   0   1   7   0   1   1   2   4   2 |   g = B
   0   0   0   2   1   2  10 725   2   4   2   3   1   1   6   1   1   2   3   0   2   9   5   3   1   3 |   h = A
   0   9   2   3   0  12   3   2 672   0  11   3   0   4   2   1   0   0   3   2   0   3   5   0   0  10 |   i = J
   0   0   1   9   6   0  11   3   0 735   0   5   3   0   1   2   8   0   0   0   0   0   1   3   4   0 |   j = M
   2   2   4   0   1   4   2   0   1   0 733   3   0   1   0   0   0   3   0  13   2   3   0   0  12   1 |   k = X
   0   1  18   5   5   0   2   5   4   0   0 662   7   0   3   5   7   1   0   1   4   0  17   6   0   0 |   l = O
   2   0  11   9   6   2  25   1   1   1   3   6 662   1   2   7   0   0   0   4   0   0   1   0  14   0 |   m = R
  10   4   8   0  10  22   8   1   3   0   1   0   3 660   5   0   2   0  15  12   0   1   2   0   6   2 |   n = F
   1   1   0   0  16   1   0   1   0   3   1   8   3   2 644   7   0   0   0  28   2   0   6   7   5   0 |   o = C
   0   1  22   5  11   3  22   4   2   2   5   3  30  10   0 563   2   0   5   2   2   5   2   6  20   7 |   p = H
   0   0   0   9   3   0   3   1   0   8   0   5   3   0   0   1 705   0   1   3   2   0   0   4   4   0 |   q = W
   0   2   2   1   7  10   3   9   2   0   8   1   8   1  12   3   0 651   2  16   0   3   9   0  10   1 |   r = L
   0   0   4   0   8   2   4   2   0   0   0   4   3  29   4   0   0   0 725   5   1   4   7   1   0   0 |   s = P
   0   2   0   0  18  10   6   0   1   0   7   0   2   2   4   1   0   1   0 696   0   1   7   0   3   7 |   t = E
   2   0   1   4   4   0  13   1   0   0   0   4   8   0   6   0  10   0   4   3 691   8   1   2   2   0 |   u = V
   9   0   0   1   0   3   1   1   1   2   1   0   0   5   1   1   2   0   4   0  15 732   3   3   0   1 |   v = Y
   0   3   3   0  13   9   5   5   3   0   1  18   2   0   3   0   1  10   1  16   2   2 669   0   1  16 |   w = Q
   0   0   1  11   1   0   2   3   1   7   1   6   1   0   2   7   8   0   0   0   3   3   0 755   1   0 |   x = U
   1   1   2   0   5   2   4   3   0   0  11   0  19   0   5  14   1   0   0   8   0   0   1   3 659   0 |   y = K
   3   1   0   0   0  26   2   3  14   0   2   0   2   0   0   0   0   3   0  10   0   3   2   0   0 663 |   z = Z

-----------------------------------------------------------------------------
||                                  Result                                 ||
-----------------------------------------------------------------------------
|| ANN || Neurons: 41 Layers: 2 Epochs: 1200 Learning Rate: 3.25 Momentum: 2.0

Correctly Classified Instances       17974               89.87   %
Incorrectly Classified Instances      2026               10.13   %
Kappa statistic                          0.8946
Mean absolute error                      0.0086
Root mean squared error                  0.0834
Relative absolute error                 11.5949 %
Root relative squared error             43.3625 %
Total Number of Instances            20000     

Confusion Matrix
   a   b   c   d   e   f   g   h   i   j   k   l   m   n   o   p   q   r   s   t   u   v   w   x   y   z   <-- classified as
 687   1   4   3  10   5   7   0   0   0  11   3   9   3   5   5   0   1   0  19   0  10   4   1   3   5 |   a = T
   3 676   4   0   0  20   2   0  10   0  11   2   0   9   1   0   0   1   6   1   0   4   1   0   2   2 |   b = I
   0   1 739   5   0   3   7   2   1   1   0   4   7   1   0  16   1   2   2   0   0   0   3   6   4   0 |   c = D
   0   0   7 735   1   0   0   0   3   5   0   6  10   0   0   9   1   0   0   0   0   0   1   2   3   0 |   d = N
   0   4   6   0 691   4   8   3   0   1   1  10   6   0  13   1   3   1   2   5   0   2   7   3   2   0 |   e = G
   0   2   1   0   1 696   9   3   2   0   0   1   2   2   0   3   0   1   1   9   0   2   3   0   3   7 |   f = S
   0   3   9   3   1  11 693   1   1   0   4   1  23   2   0   1   0   0   0   5   0   4   1   1   2   0 |   g = B
   0   0   2   6   5   1   5 725   1   4   0   1   0   0   0   0   2   1   3   1   0  12   5   4   1  10 |   h = A
   6  18   3   3   0  10   2   2 628   0   8   3   2  11   1   7   0   0   6   3   1   7   2   1   0  23 |   i = J
   0   0   3   7   9   0   9   0   2 736   0   0   2   0   1   0   4   0   0   5   0   1   1   8   4   0 |   j = M
   1   2   4   0   1   5   1   0   3   0 740   0   1   3   1   1   0   0   0   8   1   1   0   2  12   0 |   k = X
   0   0   9   8  10   2   1   2   4   2   1 653   5   0   3   3  16   0   2   0   0   1  24   7   0   0 |   l = O
   0   0   7   9   5   4  17   2   2   1   3   2 674   0   1   8   1   1   1   2   0   0   4   1  13   0 |   m = R
   7   9   2   2   1   7   5   2   4   0   4   0   9 665   7   4   1   0  22  10   0   2   1   2   7   2 |   n = F
   0   1   1   1  21   1   1   4   0   1   4   9   2   0 646   4   1   5   0  16   0   0   4  10   4   0 |   o = C
   0   0  13   7  10   6  12   3   2   0   1   3  20   4   7 592   0   0   4   0   1   5  10   4  27   3 |   p = H
   0   0   0   8   6   0   6   1   1   7   0   0   7   0   1   4 694   0   0   3   1   1   0  10   2   0 |   q = W
   0   2   0   2  13  11   3   6   0   0  19   0  13   1   8   3   0 650   0  10   0   2   6   1   8   3 |   r = L
   0   1   1   0   8   1   6   2   4   0   0   0   6  13   0   0   4   0 736  11   0   2   8   0   0   0 |   s = P
   0   0   0   0  20   7   6   0   0   0   5   1   6   0   8   0   0   1   0 689   0   1   5   1   7  11 |   t = E
   1   0   1   3   8   0  17   0   0   0   0   1   7   1   0   2  10   0   4   2 686  13   3   4   1   0 |   u = V
  13   0   2   0   4   2   1   2   1   1   2   0   0   4   0   0   2   0   3   0   5 736   1   5   0   2 |   v = Y
   0   3   5   1  14  14   7   1   2   0   1  14   4   4   1   0   1   8   1  12   0   2 662   1   0  25 |   w = Q
   0   0   1   6   0   0   2   1   0   3   0   4   0   1   0   2   4   0   0   1   0   1   0 785   2   0 |   x = U
   0   0   2   0   4   0   1   1   2   2  10   0  13   0   2  18   0   0   1   2   0   0   1   5 675   0 |   y = K
   1   2   2   0   0  15   0   0   6   0   5   1   0   0   1   0   0   2   0   9   0   2   3   0   0 685 |   z = Z

-----------------------------------------------------------------------------
||                                  Result                                 ||
-----------------------------------------------------------------------------
|| ANN || Neurons: 41 Layers: 2 Epochs: 1200 Learning Rate: 3.75 Momentum: 1.25

Correctly Classified Instances       17974               89.87   %
Incorrectly Classified Instances      2026               10.13   %
Kappa statistic                          0.8946
Mean absolute error                      0.0086
Root mean squared error                  0.0834
Relative absolute error                 11.5949 %
Root relative squared error             43.3625 %
Total Number of Instances            20000     

Confusion Matrix
   a   b   c   d   e   f   g   h   i   j   k   l   m   n   o   p   q   r   s   t   u   v   w   x   y   z   <-- classified as
 687   1   4   3  10   5   7   0   0   0  11   3   9   3   5   5   0   1   0  19   0  10   4   1   3   5 |   a = T
   3 676   4   0   0  20   2   0  10   0  11   2   0   9   1   0   0   1   6   1   0   4   1   0   2   2 |   b = I
   0   1 739   5   0   3   7   2   1   1   0   4   7   1   0  16   1   2   2   0   0   0   3   6   4   0 |   c = D
   0   0   7 735   1   0   0   0   3   5   0   6  10   0   0   9   1   0   0   0   0   0   1   2   3   0 |   d = N
   0   4   6   0 691   4   8   3   0   1   1  10   6   0  13   1   3   1   2   5   0   2   7   3   2   0 |   e = G
   0   2   1   0   1 696   9   3   2   0   0   1   2   2   0   3   0   1   1   9   0   2   3   0   3   7 |   f = S
   0   3   9   3   1  11 693   1   1   0   4   1  23   2   0   1   0   0   0   5   0   4   1   1   2   0 |   g = B
   0   0   2   6   5   1   5 725   1   4   0   1   0   0   0   0   2   1   3   1   0  12   5   4   1  10 |   h = A
   6  18   3   3   0  10   2   2 628   0   8   3   2  11   1   7   0   0   6   3   1   7   2   1   0  23 |   i = J
   0   0   3   7   9   0   9   0   2 736   0   0   2   0   1   0   4   0   0   5   0   1   1   8   4   0 |   j = M
   1   2   4   0   1   5   1   0   3   0 740   0   1   3   1   1   0   0   0   8   1   1   0   2  12   0 |   k = X
   0   0   9   8  10   2   1   2   4   2   1 653   5   0   3   3  16   0   2   0   0   1  24   7   0   0 |   l = O
   0   0   7   9   5   4  17   2   2   1   3   2 674   0   1   8   1   1   1   2   0   0   4   1  13   0 |   m = R
   7   9   2   2   1   7   5   2   4   0   4   0   9 665   7   4   1   0  22  10   0   2   1   2   7   2 |   n = F
   0   1   1   1  21   1   1   4   0   1   4   9   2   0 646   4   1   5   0  16   0   0   4  10   4   0 |   o = C
   0   0  13   7  10   6  12   3   2   0   1   3  20   4   7 592   0   0   4   0   1   5  10   4  27   3 |   p = H
   0   0   0   8   6   0   6   1   1   7   0   0   7   0   1   4 694   0   0   3   1   1   0  10   2   0 |   q = W
   0   2   0   2  13  11   3   6   0   0  19   0  13   1   8   3   0 650   0  10   0   2   6   1   8   3 |   r = L
   0   1   1   0   8   1   6   2   4   0   0   0   6  13   0   0   4   0 736  11   0   2   8   0   0   0 |   s = P
   0   0   0   0  20   7   6   0   0   0   5   1   6   0   8   0   0   1   0 689   0   1   5   1   7  11 |   t = E
   1   0   1   3   8   0  17   0   0   0   0   1   7   1   0   2  10   0   4   2 686  13   3   4   1   0 |   u = V
  13   0   2   0   4   2   1   2   1   1   2   0   0   4   0   0   2   0   3   0   5 736   1   5   0   2 |   v = Y
   0   3   5   1  14  14   7   1   2   0   1  14   4   4   1   0   1   8   1  12   0   2 662   1   0  25 |   w = Q
   0   0   1   6   0   0   2   1   0   3   0   4   0   1   0   2   4   0   0   1   0   1   0 785   2   0 |   x = U
   0   0   2   0   4   0   1   1   2   2  10   0  13   0   2  18   0   0   1   2   0   0   1   5 675   0 |   y = K
   1   2   2   0   0  15   0   0   6   0   5   1   0   0   1   0   0   2   0   9   0   2   3   0   0 685 |   z = Z

-----------------------------------------------------------------------------
||                                  Result                                 ||
-----------------------------------------------------------------------------
|| ANN || Neurons: 42 Layers: 2 Epochs: 1400 Learning Rate: 1.25 Momentum: 1.75

Correctly Classified Instances       17864               89.32   %
Incorrectly Classified Instances      2136               10.68   %
Kappa statistic                          0.8889
Mean absolute error                      0.0089
Root mean squared error                  0.0867
Relative absolute error                 12.0792 %
Root relative squared error             45.0594 %
Total Number of Instances            20000     

Confusion Matrix
   a   b   c   d   e   f   g   h   i   j   k   l   m   n   o   p   q   r   s   t   u   v   w   x   y   z   <-- classified as
 674   0   5   6   4   2  11   4   0   0  13   1  12   5   3   9   0   0   0  13   0   6   3   9   4  12 |   a = T
   3 686   3   2   0  12   1   1   7   0  10   0   3   7   2   0   0   2   2   7   0   4   2   0   0   1 |   b = I
   0   1 740   5   0   3   6   0   5   2   4   8   6   3   0   9   0   1   2   0   0   0   1   5   4   0 |   c = D
   0   0  13 729   0   0   0   2   1   5   0  13   7   1   0   4   0   0   1   0   0   1   2   2   2   0 |   d = N
   2   3   6   0 655   8   9   7   5   1   2  13   1   5  11   3   1  11   3   6   0   1  13   2   5   0 |   e = G
   2   4   3   1   0 678   9   0   3   0   4   1   2   4   0   1   0   7   2  14   0   3   1   0   3   6 |   f = S
   0   0   8   0   3   6 690   1   1   0   3   0  26   0   2   2   1   0   4   8   0   3   1   2   4   1 |   g = B
   0   1   3   8   0   4   1 726   3   1   1   1   1   2   1   4   0   5   1   0   0   9   6   6   2   3 |   h = A
   3  14   1   0   0  17   0   7 646   1  13   1   2  16   5   2   0   0   2   5   0   2   2   5   0   3 |   i = J
   0   0   0   7   8   1   5   1   0 746   0   2   5   0   0   2   5   0   0   2   1   0   3   2   2   0 |   j = M
   1   0   6   0   1   2   1   0   0   0 750   0   1   4   2   0   0   0   1   3   0   1   1   1  11   1 |   k = X
   0   0   6   2   5   2   0   4   3   4   3 666  12   0   3   4  11   2   1   0   0   0  17   8   0   0 |   l = O
   0   0   5  12   6   0  19   2   1   1   1   3 675   1   0   5   1   1   1   4   0   0   6   1  13   0 |   m = R
  10   4   3   5   2   6   4   0   5   0   4   0   4 688   3   1   1   0  13  13   1   3   0   0   3   2 |   n = F
   0   1   0   3  20   0   1   2   1   2   0  10   4   0 645   8   0   1   0  13   2   0   8   9   6   0 |   o = C
   1   0  16   6   7   3  12   5   8   2   3   4  23   6   2 579   1   1   1   3   1   8   8   8  26   0 |   p = H
   0   0   1   5   5   0   1   0   0  13   0   3   2   0   2   1 707   0   0   1   0   0   3   6   2   0 |   q = W
   0   2   1   4   9   6   9   8   0   0  10   0  13   1   6   2   1 647   0  17   2   3   4   5  10   1 |   r = L
   0   3   1   2   5   2   9   1   1   0   0   2   6  22   2   1   2   0 724   5   0   2  11   1   1   0 |   s = P
   1   2   1   0  24   5   8   0   0   0   3   1   1   2  13   0   0   0   0 690   0   2   4   0   6   5 |   t = E
   1   0   1   9   8   1  15   1   1   3   0   3   1   0   1   3  11   0   4   3 682   5   0   9   2   0 |   u = V
   9   0   0   2   0   2   1   2   1   1   4   1   0   4   0   0   1   0   2   0   8 741   6   1   0   0 |   v = Y
   0   2   7   0  10  11  13   6   1   0   2  17   3   3   1   0   1  13   2  20   2   4 629   2   3  31 |   w = Q
   0   0   0   5   3   0   3   1   2   8   0   2   0   0   1   3   4   0   1   0   1   2   1 773   3   0 |   x = U
   0   0   0   1   8   1   0   1   0   3  13   0  15   1   3   5   0   0   1   6   0   0   0   2 679   0 |   y = K
   5   3   2   1   0  32   1   4   8   0   9   0   1   6   1   0   0   9   4  11   0   8   7   0   3 619 |   z = Z

-----------------------------------------------------------------------------
