||                                  Result                                 ||
-----------------------------------------------------------------------------
|| ANN || Neurons: 16 Layers: 1 Epochs: 1600 Learning Rate: 1.0 Momentum: 2.25

Correctly Classified Instances       15468               77.34   %
Incorrectly Classified Instances      4532               22.66   %
Kappa statistic                          0.7643
Mean absolute error                      0.0182
Root mean squared error                  0.1275
Relative absolute error                 24.6617 %
Root relative squared error             66.3199 %
Total Number of Instances            20000     

Confusion Matrix
   a   b   c   d   e   f   g   h   i   j   k   l   m   n   o   p   q   r   s   t   u   v   w   x   y   z   <-- classified as
 621   5   8   1   9  18  11   0   1   1   7   0   3  15   0   7   1   1   5  19   2  26   0   2  17  16 |   a = T
   3 617  19   0   0  22  10   3   2   0   8   9   2   5   8   0   0   3  20   4   1   7   1   0   0  11 |   b = I
   0   4 625   9   0   3  28   6   3   9  17  16  30   4   2  26   0   4  11   1   0   2   0   4   1   0 |   c = D
   7   0  19 634   0   0   5   4   0  11   6  12   8   1   0  21  17   2  12   0   7   1   0   9   7   0 |   d = N
   0   3   9   0 502  15   8  12   0   4   7  32  20   1  24   4   6   0  13  12   2   2  54   7  26  10 |   e = G
   2  10   8   0   3 444  43  21   9   0  20  25  12  17   3   1   0  20   9  25   1   7  12   0   3  53 |   f = S
   0   6  26   0   1  18 556   3   1   1  12  13  52   4   2   0   2   1  20  16   0   2   8   1  16   5 |   g = B
   0   1   4   0   0  12   4 699   3   3   6   2   5   3   1   7   9   1   3   1   2   6   4   6   4   3 |   h = A
   3   6  13   3   0  15   6  11 566   0   8   5   3   9   3   9   0   1  34   5   2  10   4   1   0  30 |   i = J
   1   0   3  17   0   0   8   4   0 709   0   3   8   0   0   3  15   1   3   1   0   0   5   4   7   0 |   j = M
   3  12  16   0   6  18  10   0   1   0 602   4   7   1   4   4   7   9   3  14   0  13   1   8  28  16 |   k = X
   0   1  25   2   7   0   2   9   1   6   3 576  19   1   3  23  15   3  12   0  10   0  16  10   7   2 |   l = O
   0   0  20   3   4   1  29   8   2   6  15   6 582   0   0   8   2   4  12  12   0   0  11   0  32   1 |   m = R
  18  13  16   2   5  16  14   0   3   1   8   3   2 563   7   4   2   1  58  16   1  10   4   2   1   5 |   n = F
   3   0   2   3  28   1   0   1   0   6   0  19   0   1 563   3  12   8   2  23   2   0   4  12  37   6 |   o = C
   1   0  36  19   8   2   8   5   0  11  19  48  44   3   3 406   5   0  16  14  12   7   5  22  34   6 |   p = H
   0   0   1  10   0   0   3   8   0  21   0   8  10   0   0   1 661   0   6   5   2   0   5   7   4   0 |   q = W
   0   1   3   1  16  28  13   7   1   0  11   4   9   0   8   2   0 601   0  25   0   5   2   1  11  12 |   r = L
   1   2   9   0   7   3   9   2   0   1   1  12  10  28   2   1   4   0 689   1   3   8   6   0   4   0 |   s = P
   0   0   1   0  11  33  12   0   0   0  13   9   8   9   8   2   0  10   6 553   0   1  23   0  19  50 |   t = E
   4   0   2   3   0   3  12   2   0   3   0   8   4   2   1   3  19   0   9   2 647  24  11   2   3   0 |   u = V
  30   1   4   0   0  17   4   5   3   4   5   2   0  36   1   2   0   1  18   0  34 588  20   6   3   2 |   v = Y
   0   1   4   0  25  13   4  26   1   0   7  37  12   0   3   3   2  12   3   6   4   0 564   3   8  45 |   w = Q
   3   0   8   4   0   1   1   4   1  28   2  24   4   0   2   4  14   1   0   1   1   1   4 700   5   0 |   x = U
   1   0   3   8   4   0   8   6   1   3  42   7  28   0   7  11   3   0   5  22   6   0   1   9 564   0 |   y = K
   0   9   3   0   0  31   4   4   0   0   5   0   6   0   2   0   0   2   2  22   0   3   5   0   0 636 |   z = Z

-----------------------------------------------------------------------------
||                                  Result                                 ||
-----------------------------------------------------------------------------
|| ANN || Neurons: 25 Layers: 2 Epochs: 1200 Learning Rate: 3.25 Momentum: 2.25

Correctly Classified Instances       16967               84.835  %
Incorrectly Classified Instances      3033               15.165  %
Kappa statistic                          0.8423
Mean absolute error                      0.0127
Root mean squared error                  0.1018
Relative absolute error                 17.1892 %
Root relative squared error             52.9397 %
Total Number of Instances            20000     

Confusion Matrix
   a   b   c   d   e   f   g   h   i   j   k   l   m   n   o   p   q   r   s   t   u   v   w   x   y   z   <-- classified as
 660   0   2   0  15   9  13   0   0   0  10   3   7   8   0   7   0   3   1  19   3  12   4   1   7  12 |   a = T
   3 640  12   2   3  11   5   1  12   1  12   4   2  15   2   0   0   3   8   5   0   4   1   0   0   9 |   b = I
   0   1 681   8   0   6  22   2   5   3   7  11  13   0   0  33   0   2   5   0   0   0   1   2   2   1 |   c = D
   0   0  19 692   0   1   0   3   3   8   3   8  13   4   0  15   2   0   2   0   1   0   0   7   2   0 |   d = N
   0   2   9   1 578   5  14   3   0   2   2   9  31   4  18   3   5   8   5  18   6   2  31   4   8   5 |   e = G
   4   8   7   0   9 573  17   8   6   0  15   1   3  16   2   4   0  14   0  25   0   3   3   0   0  30 |   f = S
   0   0  17   5   0  11 671   2   0   0   3   2  18   5   1   4   1   1   1  11   3   2   1   0   6   1 |   g = B
   0   2   3   9   0   2   0 716   5   6   2   3   5   3   1   3   1   2   3   0   2   7   4   1   5   4 |   h = A
   2  21   8   5   1  11   6   6 607   1  17   2   1  16   1   3   0   0   7   4   0   2   3   4   0  19 |   i = J
   1   0   4   7   3   0   7   2   0 735   0   0   8   1   0   5   8   1   1   0   0   0   4   3   2   0 |   j = M
   1   1   4   1   3   6   5   1   3   0 710   1   0   5   1   1   0   2   1  10   0   6   2   2  15   6 |   k = X
   1   0  13   5   7   4   4  11   6   3   2 603  15   1   0   9  17   6   7   0   5   0  27   7   0   0 |   l = O
   0   0   9   9   3   3  31   1   0   3   7   1 648   1   0  13   0   1   4   2   0   1   5   0  16   0 |   m = R
  15  13   7   1   6  15  12   0   3   0   7   1   8 628   4   1   1   2  20  13   1   6   0   1   2   8 |   n = F
   1   1   0   0  31   1   1   2   1   2   1  10  10   3 573  16   5   3   1  32   4   0   5  19  12   2 |   o = C
   0   1  23  12  10   7  15   1   1   1   4   3  42   3   0 551   3   0   6   3   2   8   8  10  17   3 |   p = H
   0   0   0   5   4   0   7   1   0  10   0   1   8   0   0   0 694   0   2   1   5   2   1   5   6   0 |   q = W
   1   3   4   0  15  10   6   2   0   1  22   2   8   2   2   5   1 638   0  21   8   0   3   1   4   2 |   r = L
   2   5   6   0  10   2   7   0   1   0   0   5   5  35   0   4   1   1 699   4   1   8   6   1   0   0 |   s = P
   1   1   2   0  16   9  12   0   0   0  15   0  13   6   5   0   0   3   0 647   3   1  12   1   7  14 |   t = E
   3   0   0   7   4   1  14   1   0   1   0   1   5   3   0   3  13   0   2   3 674  20   5   3   1   0 |   u = V
   8   0   2   0   0   4   1   2   0   3   2   1   0   2   0   0   1   0   3   0  15 733   6   2   0   1 |   v = Y
   0   0   6   0  14  10  11  10   1   0   4  25   6   1   1   1   0  22   2  27   0   3 601   4  10  24 |   w = Q
   0   0   4   7   3   0   2   2   2  18   0   7   4   1   3  11   5   0   0   1   3   1   5 731   3   0 |   x = U
   0   0   3   5  11   3  11   1   0   1  20   0  36   0   1  18   2   4   0   6   1   0   0   6 610   0 |   y = K
   2   2   2   0   1  15   2   1   2   0   6   1   1   3   1   0   0   3   1  16   0   0   1   0   0 674 |   z = Z

-----------------------------------------------------------------------------
||                                  Result                                 ||
-----------------------------------------------------------------------------
|| ANN || Neurons: 33 Layers: 2 Epochs: 1800 Learning Rate: 2.5 Momentum: 1.75

Correctly Classified Instances       17340               86.7    %
Incorrectly Classified Instances      2660               13.3    %
Kappa statistic                          0.8617
Mean absolute error                      0.0111
Root mean squared error                  0.0956
Relative absolute error                 14.9544 %
Root relative squared error             49.7212 %
Total Number of Instances            20000     

Confusion Matrix
   a   b   c   d   e   f   g   h   i   j   k   l   m   n   o   p   q   r   s   t   u   v   w   x   y   z   <-- classified as
 647   3   8   1   8   4  10   0   0   1  14   6   7   6   0  15   0   1   0  11   4  22   5   3  10  10 |   a = T
   2 665   8   0   0  13   3   0  19   0   9   3   0   9   5   0   0   0   7   3   0   4   2   0   0   3 |   b = I
   0   0 728   7   0   3   9   3   2   3   2   9   3   1   0  21   0   0   5   1   0   0   1   7   0   0 |   c = D
   1   2  15 704   0   0   5   3   1   5   1  10  12   3   1   9   5   0   0   0   1   1   0   3   1   0 |   d = N
   1   1  11   0 605  12   5   7   5   2   2   4   5   4  17   6   2   2  12  13  11   4  28   4  10   0 |   e = G
   2   6   7   1   1 628  23   4   5   0   4   9   5   1   5   1   0   7   2  11   0   4   7   2   1  12 |   f = S
   1   0  20   2   2  10 678   0   0   0   7   1  17   2   0   9   0   0   2   7   2   1   0   1   3   1 |   g = B
   1   1   1   2   1  11   3 710   6   7   0   2   4   4   0   6   2   3   1   0   0   7   2   5   5   5 |   h = A
   1  18   4   2   0  10   1   3 657   1   7   7   2  10   2   3   0   1   1   2   0   1   0   2   0  12 |   i = J
   0   0   0  14   9   1   6   1   0 734   0   2   4   1   0   6   3   0   0   1   0   0   1   3   6   0 |   j = M
   1   3   6   1   1   5   7   0   5   0 719   2   0   2   0   0   0   0   0  10   0   4   2   3  12   4 |   k = X
   1   0  15   4   6   3   2   3   1   7   1 624  13   0   3  13  13   4   5   0   3   0  20  10   2   0 |   l = O
   0   0  13   8   7   1  28   7   2   3   4   2 636   0   0  18   0   1   1   1   1   0   4   1  19   1 |   m = R
  10   4   2   1   4  11  14   1   4   0   3   1   2 655   7   4   1   0  21  13   2   6   2   0   3   4 |   n = F
   0   1   1   2  24   8   0   1   1   5   2  12   3   3 603   9   5   2   0  15   0   0   1  13  25   0 |   o = C
   0   2  18   7   6   1  13   6   5   5   3  14  42   2   2 555   1   1   2   3   7   7   5   7  17   3 |   p = H
   1   0   2   8   2   0   5   2   0  12   0   1   7   0   6   0 687   0   1   3   4   0   4   6   1   0 |   q = W
   0   3   4   4  12  10   6   5   1   0  12   1   5   1  10   4   0 647   0  19   0   4   4   0   8   1 |   r = L
   2   0   9   0   5   4   8   0   2   0   1   7  10  36   1   3   0   1 701   3   0   3   5   1   1   0 |   s = P
   1   1   1   0  12   7   8   0   0   0   8   1   2   3   9   2   0   4   1 670   0   2  11   1  10  14 |   t = E
   0   0   1   5   5   0  15   3   0   0   0   1   2   2   0   5  14   0   1   3 677  21   8   0   1   0 |   u = V
  16   1   2   1   0   3   1   1   0   2   3   0   0   4   0   2   2   0   6   0  17 711   9   5   0   0 |   v = Y
   0   3   5   0   9   9   5  10   1   0   1  24   4   0   2   2   0   9   4  20   0   2 647   0   3  23 |   w = Q
   0   0   3   2   1   1   1   5   3   7   0   4   3   0   1  13   5   2   1   0   3   2   2 751   3   0 |   x = U
   0   0   3   3   4   2   5   0   1   3  22   0  25   0   3  20   0   1   0  11   0   1   1   1 633   0 |   y = K
   1   3   0   1   0  25   2   3   7   0   4   0   1   2   0   0   0   4   0   8   0   0   5   0   0 668 |   z = Z

-----------------------------------------------------------------------------
||                                  Result                                 ||
-----------------------------------------------------------------------------
|| ANN || Neurons: 42 Layers: 2 Epochs: 1600 Learning Rate: 3.25 Momentum: 3.25

Correctly Classified Instances       17831               89.155  %
Incorrectly Classified Instances      2169               10.845  %
Kappa statistic                          0.8872
Mean absolute error                      0.009 
Root mean squared error                  0.0872
Relative absolute error                 12.178  %
Root relative squared error             45.3374 %
Total Number of Instances            20000     

Confusion Matrix
   a   b   c   d   e   f   g   h   i   j   k   l   m   n   o   p   q   r   s   t   u   v   w   x   y   z   <-- classified as
 668   1   5   6   7   3  10   3   1   0  12   1   8   7   4   8   0   0   0  18   0   8   3   7   5  11 |   a = T
   2 688   2   2   0  12   1   3   6   0   9   0   3   8   2   0   0   0   2   6   0   5   2   0   0   2 |   b = I
   0   1 739   3   1   3   7   1   4   4   3   9   6   1   0  10   0   1   2   0   0   0   0   7   3   0 |   c = D
   0   0  11 732   0   0   0   0   2   4   0  10   6   1   0   6   0   0   1   0   0   1   2   4   3   0 |   d = N
   2   2   6   0 653   8  10   5   5   1   2  18   3   4  10   1   1  10   3   6   0   0  15   1   6   1 |   e = G
   2   3   3   0   1 677   6   1   3   0   6   1   3   5   0   2   0   7   2  14   0   3   1   0   3   5 |   f = S
   0   0  10   0   3   3 691   1   1   0   3   1  26   1   1   1   2   0   3   7   0   2   0   4   6   0 |   g = B
   0   1   3   7   2   5   1 730   3   1   1   0   2   1   1   4   0   5   1   0   0   8   5   4   1   3 |   h = A
   2  12   1   1   0  15   0   8 646   1  10   0   1  17   7   3   0   1   4   5   0   3   3   4   1   2 |   i = J
   0   0   1  13   7   1   4   0   0 738   0   2   7   0   0   2   5   0   0   4   1   0   1   3   3   0 |   j = M
   1   0   5   0   0   4   0   0   1   0 748   1   1   4   2   0   0   0   0   2   1   1   0   1  13   2 |   k = X
   0   0   7   2   7   2   0   7   3   4   0 664  13   0   1  10   9   3   1   0   0   0  14   5   1   0 |   l = O
   0   0   4  11   5   0  16   2   1   1   1   2 679   1   0   7   1   0   1   4   0   0   6   1  15   0 |   m = R
   9   2   3   6   2   7   6   0   3   0   4   1   3 684   3   2   1   0  16  15   1   3   0   0   2   2 |   n = F
   0   2   0   4  23   0   1   2   1   2   0   8   3   0 634  11   0   3   0  19   1   0   3   7  12   0 |   o = C
   1   0  15   6   9   3  11   5   7   2   2   3  23   6   0 582   2   1   1   2   2   9   8   7  27   0 |   p = H
   0   0   1   5   6   0   3   0   0  13   0   2   3   0   1   1 703   0   0   2   1   0   3   6   2   0 |   q = W
   0   2   3   5   9   7   9   8   0   0  14   0  12   2  10   3   0 643   0  16   1   3   3   4   7   0 |   r = L
   0   3   1   2   5   2   9   1   0   0   0   3   5  27   0   1   1   0 722   7   1   2   5   3   3   0 |   s = P
   1   2   1   0  24   6   8   0   1   0   2   1   0   1   6   0   0   1   0 690   0   2   6   0   8   8 |   t = E
   1   0   2   9   6   0  15   2   1   1   0   4   1   0   1   3  14   0   3   3 678   7   0  11   2   0 |   u = V
  10   0   0   2   0   2   1   2   0   1   3   0   0   5   0   1   1   0   1   0   8 744   4   1   0   0 |   v = Y
   2   2   7   0   9  11  10   5   4   0   2  21   2   4   1   0   1  13   2  22   2   4 627   2   2  28 |   w = Q
   0   0   1   8   2   0   2   1   0   8   0   2   0   0   1   3   5   0   1   0   1   3   2 769   4   0 |   x = U
   0   0   1   1   6   2   0   0   0   2  12   1  14   0   3   7   0   1   1   4   0   0   1   2 681   0 |   y = K
   7   3   1   1   0  28   2   5   9   0  10   0   0   3   1   1   0   7   1  17   0   6  10   0   1 621 |   z = Z

-----------------------------------------------------------------------------
||                                  Result                                 ||
-----------------------------------------------------------------------------
|| ANN || Neurons: 28 Layers: 2 Epochs: 200 Learning Rate: 1.0 Momentum: 1.0

Correctly Classified Instances         813                4.065  %
Incorrectly Classified Instances     19187               95.935  %
Kappa statistic                          0     
Mean absolute error                      0.074 
Root mean squared error                  0.1923
Relative absolute error                100      %
Root relative squared error            100      %
Total Number of Instances            20000     

Confusion Matrix
   a   b   c   d   e   f   g   h   i   j   k   l   m   n   o   p   q   r   s   t   u   v   w   x   y   z   <-- classified as
   0   0   0   0   0   0   0   0   0   0   0   0   0   0   0   0   0   0   0   0   0   0   0 796   0   0 |   a = T
   0   0   0   0   0   0   0   0   0   0   0   0   0   0   0   0   0   0   0   0   0   0   0 755   0   0 |   b = I
   0   0   0   0   0   0   0   0   0   0   0   0   0   0   0   0   0   0   0   0   0   0   0 805   0   0 |   c = D
   0   0   0   0   0   0   0   0   0   0   0   0   0   0   0   0   0   0   0   0   0   0   0 783   0   0 |   d = N
   0   0   0   0   0   0   0   0   0   0   0   0   0   0   0   0   0   0   0   0   0   0   0 773   0   0 |   e = G
   0   0   0   0   0   0   0   0   0   0   0   0   0   0   0   0   0   0   0   0   0   0   0 748   0   0 |   f = S
   0   0   0   0   0   0   0   0   0   0   0   0   0   0   0   0   0   0   0   0   0   0   0 766   0   0 |   g = B
   0   0   0   0   0   0   0   0   0   0   0   0   0   0   0   0   0   0   0   0   0   0   0 789   0   0 |   h = A
   0   0   0   0   0   0   0   0   0   0   0   0   0   0   0   0   0   0   0   0   0   0   0 747   0   0 |   i = J
   0   0   0   0   0   0   0   0   0   0   0   0   0   0   0   0   0   0   0   0   0   0   0 792   0   0 |   j = M
   0   0   0   0   0   0   0   0   0   0   0   0   0   0   0   0   0   0   0   0   0   0   0 787   0   0 |   k = X
   0   0   0   0   0   0   0   0   0   0   0   0   0   0   0   0   0   0   0   0   0   0   0 753   0   0 |   l = O
   0   0   0   0   0   0   0   0   0   0   0   0   0   0   0   0   0   0   0   0   0   0   0 758   0   0 |   m = R
   0   0   0   0   0   0   0   0   0   0   0   0   0   0   0   0   0   0   0   0   0   0   0 775   0   0 |   n = F
   0   0   0   0   0   0   0   0   0   0   0   0   0   0   0   0   0   0   0   0   0   0   0 736   0   0 |   o = C
   0   0   0   0   0   0   0   0   0   0   0   0   0   0   0   0   0   0   0   0   0   0   0 734   0   0 |   p = H
   0   0   0   0   0   0   0   0   0   0   0   0   0   0   0   0   0   0   0   0   0   0   0 752   0   0 |   q = W
   0   0   0   0   0   0   0   0   0   0   0   0   0   0   0   0   0   0   0   0   0   0   0 761   0   0 |   r = L
   0   0   0   0   0   0   0   0   0   0   0   0   0   0   0   0   0   0   0   0   0   0   0 803   0   0 |   s = P
   0   0   0   0   0   0   0   0   0   0   0   0   0   0   0   0   0   0   0   0   0   0   0 768   0   0 |   t = E
   0   0   0   0   0   0   0   0   0   0   0   0   0   0   0   0   0   0   0   0   0   0   0 764   0   0 |   u = V
   0   0   0   0   0   0   0   0   0   0   0   0   0   0   0   0   0   0   0   0   0   0   0 786   0   0 |   v = Y
   0   0   0   0   0   0   0   0   0   0   0   0   0   0   0   0   0   0   0   0   0   0   0 783   0   0 |   w = Q
   0   0   0   0   0   0   0   0   0   0   0   0   0   0   0   0   0   0   0   0   0   0   0 813   0   0 |   x = U
   0   0   0   0   0   0   0   0   0   0   0   0   0   0   0   0   0   0   0   0   0   0   0 739   0   0 |   y = K
   0   0   0   0   0   0   0   0   0   0   0   0   0   0   0   0   0   0   0   0   0   0   0 734   0   0 |   z = Z

-----------------------------------------------------------------------------
||                                  Result                                 ||
-----------------------------------------------------------------------------
|| ANN || Neurons: 32 Layers: 2 Epochs: 200 Learning Rate: 1.0 Momentum: 2.25

Correctly Classified Instances       16866               84.33   %
Incorrectly Classified Instances      3134               15.67   %
Kappa statistic                          0.837 
Mean absolute error                      0.0131
Root mean squared error                  0.103 
Relative absolute error                 17.649  %
Root relative squared error             53.5599 %
Total Number of Instances            20000     

Confusion Matrix
   a   b   c   d   e   f   g   h   i   j   k   l   m   n   o   p   q   r   s   t   u   v   w   x   y   z   <-- classified as
 590   1   5   3   5   6   9   2   1   1  14   5   7   4   0  16   0   7   0  14   8  75   6   1   1  15 |   a = T
   1 646   2   1   2   9   7   1  18   0  11   0   0  26   4   0   0   3   7   7   0   7   1   0   0   2 |   b = I
   3   1 669  13   1   5  21   2   3   3  12  21  15   1   0  20   0   0   7   0   0   1   3   3   1   0 |   c = D
   0   0  11 688   2   1   3   5   0   7   0  17  11   1   2  12  10   3   1   0   2   1   0   5   1   0 |   d = N
   0   6   6   0 623   8  14   3   4   2   9  17   9   5   7   7   4   1   3   8   0   6  16   8   7   0 |   e = G
   3   7   4   1   7 580  31  21   8   0  10   7   5  10   2   1   0   6   0  15   1   3   3   1   4  18 |   f = S
   0   0  17   3   4  17 656   5   2   0   7   4  22   3   0   6   4   1   1   7   0   1   1   4   1   0 |   g = B
   0   3   3  11   0   2   1 719   7   1   0   1   4   5   3   1   3   1   0   0   1   3   3   7   5   5 |   h = A
   1  19   2   4   0  16   2   3 639   0  16   6   0  12   0   3   0   1   3   5   0   4   5   3   0   3 |   i = J
   0   0   1   6   8   0   9   4   0 728   0   0   6   3   0   5   9   0   1   1   0   1   1   8   1   0 |   j = M
   2   3   8   0   3   8   5   0   1   0 696   2   3   3   2   4   0   7   1  12   0   3   3   1  18   2 |   k = X
   0   0  10   6  16   0   2   3   3   6   1 631  12   0   5   9  10   3   8   1   5   0  15   7   0   0 |   l = O
   0   0  15  11  16   1  37   2   0   4   5   7 615   0   2  14   1   3   1   1   1   1   4   3  13   1 |   m = R
  17  10   7   7   5   4  11   1   7   1   2   0   5 648   2   5   1   1  13   3   0  14   7   0   3   1 |   n = F
   0   0   0   2  15   2   1   7   1   2   1  10   1   1 618  11   5   5   0  13   3   0   9  11  18   0 |   o = C
   0   0  22  13   8   1  17   6   3   3   5   4  39   6   0 546   2   2   7   1   2  12   6   4  22   3 |   p = H
   0   0   1  22   5   0   4   4   0  12   0   3   5   1   0   2 659   0   2   1   5   3   6  15   2   0 |   q = W
   0   6   2   2  14   5   9   3   0   0  19   1  15   2   8   5   1 640   0  16   0   0   3   2   4   4 |   r = L
   0   1   4   2   9   1   9   0   0   0   0   7   8  44   1   4   2   0 692   0   1  11   4   2   1   0 |   s = P
   0   2   1   0  39  11   8   0   0   0  17   1   6   7  14   2   0   4   0 625   1   0   8   0  12  10 |   t = E
   2   0   1   2   8   0  19   3   1   0   0   2   6   4   5   2  12   0   0   0 676  10   8   3   0   0 |   u = V
  11   0   5   0   0   3   2   4   1   3   3   0   0  12   0   3   1   0   2   1  26 701   3   4   0   1 |   v = Y
   0   2   7   1  24   3  13  11   3   2  10  27   5   4   2   4   0  15   2  18   2   1 608   3   7   9 |   w = Q
   0   0   0   6   3   0   2   5   3  12   4   8   1   0   0  14   6   0   0   0   4   1   3 739   2   0 |   x = U
   0   0   3   2  13   1   7   2   0   1  17   1  30   2   4  21   0   5   0   7   1   0   0   9 613   0 |   y = K
   1   6   4   1   3  23   4   6  18   0   7   0   4   5   1   0   0   4   0  14   0   8   4   0   0 621 |   z = Z

-----------------------------------------------------------------------------
||                                  Result                                 ||
-----------------------------------------------------------------------------
|| ANN || Neurons: 32 Layers: 2 Epochs: 200 Learning Rate: 2.5 Momentum: 1.75

Correctly Classified Instances       17534               87.67   %
Incorrectly Classified Instances      2466               12.33   %
Kappa statistic                          0.8718
Mean absolute error                      0.011 
Root mean squared error                  0.0899
Relative absolute error                 14.8513 %
Root relative squared error             46.7679 %
Total Number of Instances            20000     

Confusion Matrix
   a   b   c   d   e   f   g   h   i   j   k   l   m   n   o   p   q   r   s   t   u   v   w   x   y   z   <-- classified as
 650   0   4   3  15   5   6   0   0   1   8   3   7  15   1   8   0   4   0  16   1  18   3   6   4  18 |   a = T
   0 677   4   0   2   9   4   0  16   0  10   1   3   8   2   0   0   0   3   5   0   1   5   1   1   3 |   b = I
   0   1 707   6   0   5  11   4   3   4   5   8  19   0   0  19   0   0   3   0   0   1   0   6   3   0 |   c = D
   1   0   8 698   0   2   4   3   1   7   0  14  19   2   0   8   4   0   0   0   2   2   0   5   3   0 |   d = N
   0   3  12   1 637  11   3  12   6   1   7   7   3   4  15   2   1   4   1   9   5   3  16   1   6   3 |   e = G
   0   3   5   0   0 647  11   3  10   0   7   0   3   4   2   0   0   8   0  24   2   3   6   0   3   7 |   f = S
   0   4   9   2   4  16 674   0   0   0   3   0  28   2   0   1   0   0   3   7   0   5   2   0   4   2 |   g = B
   1   1   2   5   1   1   3 721   6   3   0   0   3   0   2   0   1   1   4   0   3  13   1  12   2   3 |   h = A
   0  15   3   3   0   5   3   6 644   1   7   4   3  17   2   3   0   1   3   5   1   0   3   2   1  15 |   i = J
   0   0   0   4  14   1   6   2   0 742   0   1   2   1   1   3   6   0   0   0   1   1   4   2   1   0 |   j = M
   3   5  10   0   2   5   1   1   5   0 722   1   1   0   0   3   0   0   0   6   0   4   2   1  14   1 |   k = X
   0   0   8   3  12   0   3  15   4   4   5 616   9   0   2   6  16   3   2   1   9   0  25   8   2   0 |   l = O
   0   0   8   8   4   5  14   2   0   0   4   0 684   1   2   8   1   4   1   0   0   1   2   1   8   0 |   m = R
  13  11   1   2   7  14  14   0   3   0   5   0   3 636   1   0   3   0  25  23   0   8   3   0   0   3 |   n = F
   1   1   0   3  24   4   0   1   1   2   6  12   5   2 621   4   2   3   0  20   0   0   3  10  11   0 |   o = C
   1   2  20  10   6   1  14   6   4   1   6   4  32   5   1 557   0   0   6   3   6   9   9   5  25   1 |   p = H
   0   1   0   7   7   0   6   8   0   4   0   1   6   0   0   4 687   0   0   0   7   0   1   7   6   0 |   q = W
   0   0   0   1  17   9   6   0   2   1  12   2   6   2   8   2   0 664   0  17   1   0   6   1   2   2 |   r = L
   0   5   0   0  12   2   6   1   0   0   0   3   5  25   2   2   1   0 721   4   2   4   7   0   1   0 |   s = P
   0   0   0   0  24  11   2   0   0   0   5   0   2   0   6   1   0   3   0 689   0   2   9   0   4  10 |   t = E
   0   0   3   2   7   1  13   0   0   1   0   1   6   0   0   3   4   1   0   4 709   8   1   0   0   0 |   u = V
  23   0   0   1   0   0   1   1   0   2   3   0   0   8   0   0   0   0   6   0   8 721   7   4   0   1 |   v = Y
   0   3  10   0   8  11   2  16   4   0   7  12   4   1   2   0   2   0   1  11   0   5 653   0   4  27 |   w = Q
   0   1   2   7   2   0   0   6   0  13   0   3   2   2   5   6   5   0   0   0   5   2   1 747   4   0 |   x = U
   0   0   4   5   3   1   2   5   0   1  16   0  26   1   3  12   0   1   0   3   0   0   0   1 654   1 |   y = K
   1   1   7   0   0  16   4   7  11   1   9   0   1   1   0   0   0   8   0   8   0   2   1   0   0 656 |   z = Z

-----------------------------------------------------------------------------
||                                  Result                                 ||
-----------------------------------------------------------------------------
|| ANN || Neurons: 32 Layers: 2 Epochs: 400 Learning Rate: 1.0 Momentum: 1.0

Correctly Classified Instances         813                4.065  %
Incorrectly Classified Instances     19187               95.935  %
Kappa statistic                          0     
Mean absolute error                      0.074 
Root mean squared error                  0.1923
Relative absolute error                100      %
Root relative squared error            100      %
Total Number of Instances            20000     

Confusion Matrix
   a   b   c   d   e   f   g   h   i   j   k   l   m   n   o   p   q   r   s   t   u   v   w   x   y   z   <-- classified as
   0   0   0   0   0   0   0   0   0   0   0   0   0   0   0   0   0   0   0   0   0   0   0 796   0   0 |   a = T
   0   0   0   0   0   0   0   0   0   0   0   0   0   0   0   0   0   0   0   0   0   0   0 755   0   0 |   b = I
   0   0   0   0   0   0   0   0   0   0   0   0   0   0   0   0   0   0   0   0   0   0   0 805   0   0 |   c = D
   0   0   0   0   0   0   0   0   0   0   0   0   0   0   0   0   0   0   0   0   0   0   0 783   0   0 |   d = N
   0   0   0   0   0   0   0   0   0   0   0   0   0   0   0   0   0   0   0   0   0   0   0 773   0   0 |   e = G
   0   0   0   0   0   0   0   0   0   0   0   0   0   0   0   0   0   0   0   0   0   0   0 748   0   0 |   f = S
   0   0   0   0   0   0   0   0   0   0   0   0   0   0   0   0   0   0   0   0   0   0   0 766   0   0 |   g = B
   0   0   0   0   0   0   0   0   0   0   0   0   0   0   0   0   0   0   0   0   0   0   0 789   0   0 |   h = A
   0   0   0   0   0   0   0   0   0   0   0   0   0   0   0   0   0   0   0   0   0   0   0 747   0   0 |   i = J
   0   0   0   0   0   0   0   0   0   0   0   0   0   0   0   0   0   0   0   0   0   0   0 792   0   0 |   j = M
   0   0   0   0   0   0   0   0   0   0   0   0   0   0   0   0   0   0   0   0   0   0   0 787   0   0 |   k = X
   0   0   0   0   0   0   0   0   0   0   0   0   0   0   0   0   0   0   0   0   0   0   0 753   0   0 |   l = O
   0   0   0   0   0   0   0   0   0   0   0   0   0   0   0   0   0   0   0   0   0   0   0 758   0   0 |   m = R
   0   0   0   0   0   0   0   0   0   0   0   0   0   0   0   0   0   0   0   0   0   0   0 775   0   0 |   n = F
   0   0   0   0   0   0   0   0   0   0   0   0   0   0   0   0   0   0   0   0   0   0   0 736   0   0 |   o = C
   0   0   0   0   0   0   0   0   0   0   0   0   0   0   0   0   0   0   0   0   0   0   0 734   0   0 |   p = H
   0   0   0   0   0   0   0   0   0   0   0   0   0   0   0   0   0   0   0   0   0   0   0 752   0   0 |   q = W
   0   0   0   0   0   0   0   0   0   0   0   0   0   0   0   0   0   0   0   0   0   0   0 761   0   0 |   r = L
   0   0   0   0   0   0   0   0   0   0   0   0   0   0   0   0   0   0   0   0   0   0   0 803   0   0 |   s = P
   0   0   0   0   0   0   0   0   0   0   0   0   0   0   0   0   0   0   0   0   0   0   0 768   0   0 |   t = E
   0   0   0   0   0   0   0   0   0   0   0   0   0   0   0   0   0   0   0   0   0   0   0 764   0   0 |   u = V
   0   0   0   0   0   0   0   0   0   0   0   0   0   0   0   0   0   0   0   0   0   0   0 786   0   0 |   v = Y
   0   0   0   0   0   0   0   0   0   0   0   0   0   0   0   0   0   0   0   0   0   0   0 783   0   0 |   w = Q
   0   0   0   0   0   0   0   0   0   0   0   0   0   0   0   0   0   0   0   0   0   0   0 813   0   0 |   x = U
   0   0   0   0   0   0   0   0   0   0   0   0   0   0   0   0   0   0   0   0   0   0   0 739   0   0 |   y = K
   0   0   0   0   0   0   0   0   0   0   0   0   0   0   0   0   0   0   0   0   0   0   0 734   0   0 |   z = Z

-----------------------------------------------------------------------------
||                                  Result                                 ||
-----------------------------------------------------------------------------
|| ANN || Neurons: 37 Layers: 2 Epochs: 800 Learning Rate: 2.5 Momentum: 2.75

Correctly Classified Instances       17678               88.39   %
Incorrectly Classified Instances      2322               11.61   %
Kappa statistic                          0.8793
Mean absolute error                      0.0098
Root mean squared error                  0.0891
Relative absolute error                 13.2276 %
Root relative squared error             46.3459 %
Total Number of Instances            20000     

Confusion Matrix
   a   b   c   d   e   f   g   h   i   j   k   l   m   n   o   p   q   r   s   t   u   v   w   x   y   z   <-- classified as
 658   0   5   0   6   9  11   0   0   0  11   3   8   9   0  12   0   3   3  16   2  17   2   5   4  12 |   a = T
   0 661   9   0   0  17   6   1  27   0   5   2   0  10   0   1   0   7   4   1   0   4   0   0   0   0 |   b = I
   0   0 735   6   0   6   7   2   3   1   0  13   6   0   0  15   0   2   4   1   0   1   0   1   0   2 |   c = D
   1   0   9 697   3   1   2   0   1  11   0  19  11   6   0   9   2   0   2   1   2   1   0   4   1   0 |   d = N
   0   7   5   2 654   9   4   6   4   1   4   4   9   4   9   4   0   5   3   8   1   0  20   5   3   2 |   e = G
   2   3   7   1   0 658  19   1   3   0   4   3   6   5   1   1   0   2   1  12   2   6   1   0   1   9 |   f = S
   0   0   8   2   4  13 690   1   0   0   7   2  12   3   0   5   1   0   1  10   0   2   2   0   3   0 |   g = B
   0   1   3   6   1   9  10 710   3   6   1   1   2   3   2   1   1   2   6   0   0   7   1   6   5   2 |   h = A
   0  11   4   1   0  12   3   6 685   0   7   2   0   4   0   3   0   1   0   2   0   4   1   0   0   1 |   i = J
   0   0   1   7  13   0   5   3   0 739   0   1   3   2   1   3   5   0   2   1   0   0   1   5   0   0 |   j = M
   0   2   8   0   2   3   2   0   4   0 732   0   4   0   0   0   1   0   0   6   0   5   1   1  15   1 |   k = X
   0   0   9   6  10   2   2   3   2   4   0 664  11   1   0   4   9   0   2   0   2   0  13   9   0   0 |   l = O
   0   0  12   7   4   0  12   3   2   2   3   5 673   1   0   8   0   2   0   3   0   0   6   1  13   1 |   m = R
  12   7   4   1   1  18  15   0   5   0   1   1   3 656   5   3   3   0  18  12   1   6   1   0   1   1 |   n = F
   1   4   0   0  24   4   0   0   1   4   5  15   5   1 599  12   3   7   0  27   1   0   0  10  13   0 |   o = C
   0   0  17   3   1   5  20   5   5   1   2  10  38   8   1 562   3   1   2   3   4   7   8   4  22   2 |   p = H
   0   0   2   7   6   0   5   0   0   6   0  11   7   0   0   2 696   0   0   1   3   2   1   3   0   0 |   q = W
   2   0   3   1   7   8   7   2   5   0  12   1   8   1   4   7   0 654   1  21   0   5   4   2   6   0 |   r = L
   2   0   4   0  14   2   7   0   0   0   1   2   1  24   1   1   3   1 724   5   1   2   6   1   1   0 |   s = P
   1   0   0   0  18  12   8   0   1   0   9   0   5   2  10   1   0   1   0 674   0   1  10   0   6   9 |   t = E
   1   0   1   2   8   0  20   0   0   1   0   4   4   4   1   3   9   0   8   3 667  17   2   9   0   0 |   u = V
   9   0   0   0   0   0   1   0   2   2   2   1   0   0   0   0   0   0   3   0   7 750   8   1   0   0 |   v = Y
   1   1   7   1   8  14  17   8   2   1   5  15   9   1   0   2   0  19   0  11   3   4 627   0   8  19 |   w = Q
   0   0   3   1   3   0   0   1   1  12   0   5   0   0   1   1   2   1   2   1   1   2   0 773   3   0 |   x = U
   0   0   4   0   4   0   2   1   1   0  11   2  15   1   0  13   2   2   0   7   0   0   1   3 670   0 |   y = K
   2   1   2   1   1  13   4   3  10   0   2   0   4   5   0   0   0   6   0   7   0   3   0   0   0 670 |   z = Z

-----------------------------------------------------------------------------
