||                                  Result                                 ||
-----------------------------------------------------------------------------
|| ANN || Neurons: 32 Layers: 1 Epochs: 200 Learning Rate: 1.0 Momentum: 3.5

Correctly Classified Instances       16763               83.815  %
Incorrectly Classified Instances      3237               16.185  %
Kappa statistic                          0.8317
Mean absolute error                      0.0135
Root mean squared error                  0.1058
Relative absolute error                 18.2402 %
Root relative squared error             55.0089 %
Total Number of Instances            20000     

Confusion Matrix
   a   b   c   d   e   f   g   h   i   j   k   l   m   n   o   p   q   r   s   t   u   v   w   x   y   z   <-- classified as
 654   2   8   1   4   5   7   0   1   1   8   6   2   5   1  10   2   0   0  28   3  12   4   9   9  14 |   a = T
   2 638  10   0   0  15   7   4   1   0  22   2   2   3   6   0   0   5  11   0   0   4   3   0   1  19 |   b = I
   0   1 700   9   0   1  13   3   2   2   6  15  12   0   0  17   0   0   7   0   0   0   1   3   5   8 |   c = D
   0   0  19 692   0   2   1   5   0  10   0  10   5  11   0   6   4   0   2   0   1   4   0  11   0   0 |   d = N
   0   8   9   0 554   7  13  11   0   2  13   6  18   1  16   1  10  10  14  12   0  11  42   6   8   1 |   e = G
   2  17   5   0   0 539  48  11   8   0  10   5  11   5   5   2   0  17   1  21   1   8   5   1   0  26 |   f = S
   0   1  25   0   2   9 644   1   0   0   8   4  30   1   1   0   1   1   7  21   0   7   1   0   2   0 |   g = B
   2   0   3  12   0   9   4 713   2   5   2   0   3   1   0   1   4   4   2   0   1  10   1   5   1   4 |   h = A
   2  22  10   4   0  14   6   9 574   0  11   2   1   6   0   6   0   5  27   5   0   9   4   2   2  26 |   i = J
   0   0   1   4   0   0   9   0   0 741   0   2   4   0   1   5   8   0   3   5   0   0   3   2   4   0 |   j = M
   2   6  14   0   0   3   3   0   2   0 725   0   2   2   0   0   0   0   1   9   0   5   2   0   6   5 |   k = X
   0   4  11   1   6   4   2   7   4  10   2 607   9   0   6   8  20   3   9   0   2   0  30   5   2   1 |   l = O
   0   1  13  17   3   1  32   8   0   4   6   7 612   2   0  12   0   6   5   7   0   1   2   1  17   1 |   m = R
  19  12   8   4   2  14  22   0   0   1   5   0   3 618   5   2   0   0  25  18   0   8   3   0   0   6 |   n = F
   0   4   0   2  16   0   0   0   0   5   4  15   0   0 586   5   3  13   0  38   2   1   6  11  25   0 |   o = C
   1   0  44  25   6   3  26   3   0   6  20  20  29  13   4 452   4   1   9   3  11   2   8  14  24   6 |   p = H
   0   1   2   6   0   0  10   5   2   8   0   0   3   1   0   2 683   0   8   3   3   0   0   5  10   0 |   q = W
   0   1   1   2  14   2  16   3   0   1  21   0   6   2   1   2   2 652   0  21   0   1   1   6   4   2 |   r = L
   0   6   7   0  10   1  13   0   0   0   0   5   3  25   2   1   2   0 705   5   3   9   4   0   2   0 |   s = P
   0   5   0   0  12   7   9   0   1   0   8   0   8   1   6   2   0   4   2 658   0   2  19   1  12  11 |   t = E
   0   1   4   2   0   0  17   3   0   1   0   0   1   1   1   1  27   0   7   4 674  17   0   2   1   0 |   u = V
   6   0   0   1   0   3   4   1   1   0   4   0   0   6   0   0   5   1   3   0  11 726   8   3   1   2 |   v = Y
   0   7   2   0   6   7  11  12   0   0   9  17   6   0   0   0   2  18   2  26   1   2 621   3   4  27 |   w = Q
   0   0   3   4   0   0   0   4   1  19   0   7   1   1   1   5  15   0   0   2   1   0   1 742   6   0 |   x = U
   1   1   4  10   5   1   6   1   0   2  37   1  30   0   1  15   0   3   3   5   0   0   1   3 609   0 |   y = K
   3   2   7   0   0  24   1   8   1   0   7   0   2   2   1   0   0   7   1  12   0   7   5   0   0 644 |   z = Z

-----------------------------------------------------------------------------
||                                  Result                                 ||
-----------------------------------------------------------------------------
|| ANN || Neurons: 17 Layers: 2 Epochs: 400 Learning Rate: 1.0 Momentum: 2.25

Correctly Classified Instances       15557               77.785  %
Incorrectly Classified Instances      4443               22.215  %
Kappa statistic                          0.7689
Mean absolute error                      0.0187
Root mean squared error                  0.1225
Relative absolute error                 25.2482 %
Root relative squared error             63.691  %
Total Number of Instances            20000     

Confusion Matrix
   a   b   c   d   e   f   g   h   i   j   k   l   m   n   o   p   q   r   s   t   u   v   w   x   y   z   <-- classified as
 621   4   3   1  12  18  12   0   1   0  17   3   3  12   8   8   0   1   2  19   8  17   5   4   5  12 |   a = T
   4 596   8   1   2  29  10   1  17   0  22   1   0  18   3   1   0   6  16   1   0   8   5   0   1   5 |   b = I
   1   2 593  22   2  12  43   6   2   5  19  27  15   1   0  34   0   0  11   1   0   1   2   3   2   1 |   c = D
   0   0   8 675   0   1   5   4   1   9   1  18  12   1   2  11   4   0   3   0   2  10   1  10   5   0 |   d = N
   0   3  11   0 563   7  19   7   1   3  17   7  14   5  21   3   1   2   8  12   3   7  31   8  17   3 |   e = G
  10   5  14   0  10 477  51   6   3   1  33   6  14   9   4   2   0   8   7  17   0   6   7   0  10  48 |   f = S
   0   1  28   1   3  25 586   4   0   0  25   7  39   3   2   3   1   0   7   8   0  10   4   0   6   3 |   g = B
   0   0   5   5   4  11   3 683   1  14   3   4   5   0   3   0   4   4   1   0   0  10   7  10   8   4 |   h = A
   0  27  14   2   0  25  17   6 570   2  19  10   5  17   2   1   2   1   9   0   0   5   5   1   4   3 |   i = J
   0   0   1   4   2   1  14   3   0 731   0   2   4   0   0   0  11   0   1   2   1   2   3   8   2   0 |   j = M
   4   7  10   3   6  13   4   4   0   0 633   5   1   5   5   7   0   3   1  13   1   5   4   7  40   6 |   k = X
   0   1  17   6  13   2  12   2   7  19   5 567  27   0   2   9   3   3  15   0   6   1  25   8   1   2 |   l = O
   0   2  22   7  14   8  64   4   0   6  10  15 550   1   2  12   0   1   3   7   0   5   5   0  20   0 |   m = R
  26   7   8   3   1  11  38   0   3   1  12   1   3 562   6   3   3   0  54   7   3  13   2   1   5   2 |   n = F
   6   0   0   1  37  18   3   1   0   4  21  16   0   2 535  11   1   0   0  31   1   2  12  16  17   1 |   o = C
   0   0  30  17  13   6  15   5   2   5   5  25  29   8   6 464   8   0   6   8   4  19  10  10  39   0 |   p = H
   0   0   1   8   1   0  10   3   0  15   0   1   7   0   0   1 674   0   6   0   4   2  10   7   2   0 |   q = W
   0  15   1   1  24  15  12   5   0   1  32   1   4   0   7   5   4 591   0  12   0   4   6   5  12   4 |   r = L
   1   0   7   1   6   3  17   2   0   0   4  10   1  37   0   1   5   1 676   6   1  10   8   2   4   0 |   s = P
   4   1   4   0  23  30  17   2   1   0  45   1  10   7  12   0   1   2   0 542   0   1  19   1  23  22 |   t = E
  13   0   3   6   1   0  23   2   0   4   0   4   6   5   0   0   6   0   7   1 644  24   6   5   4   0 |   u = V
  39   1   4   0   0   7   2   1   0   2   1   0   0   5   0   1   5   0  11   0  33 647  20   4   2   1 |   v = Y
   0   1   2   0  51  14  19   9   2   1  23  46  13   1   1   0   1   6   7  25   3  11 536   0   6   5 |   w = Q
   0   1   1   9   2   1   2   8   0  16   1  15   4   1   3  11   4   1   0   3   3   7  11 701   8   0 |   x = U
   0   3   1   9  16   3  14   4   0   2  26   0  29   0   5  24   0   1   1  22   1   0   4   8 566   0 |   y = K
   2   5   6   0   1  66  10   5   2   0  22   3   2   1   0   1   0   5   0  15   0  12   1   0   1 574 |   z = Z

-----------------------------------------------------------------------------
||                                  Result                                 ||
-----------------------------------------------------------------------------
|| ANN || Neurons: 36 Layers: 2 Epochs: 200 Learning Rate: 3.5 Momentum: 2.25

Correctly Classified Instances       17747               88.735  %
Incorrectly Classified Instances      2253               11.265  %
Kappa statistic                          0.8828
Mean absolute error                      0.0101
Root mean squared error                  0.0863
Relative absolute error                 13.6311 %
Root relative squared error             44.8939 %
Total Number of Instances            20000     

Confusion Matrix
   a   b   c   d   e   f   g   h   i   j   k   l   m   n   o   p   q   r   s   t   u   v   w   x   y   z   <-- classified as
 657   0  11   0  14   6  17   1   0   0  11   2   4  12   5   6   0   2   0  13   1  12   6   2   3  11 |   a = T
   0 689   6   0   0   4   3   3   2   0  14   0   1  19   1   0   0   0   2   0   0   2   2   0   0   7 |   b = I
   0   0 743   6   0   1   7   1   1   2   1   2  11   1   0  15   0   1   3   0   0   1   0   8   1   0 |   c = D
   0   0   7 724   1   0   0   3   0   6   0  14  12   1   0   8   0   0   1   0   1   1   0   3   1   0 |   d = N
   0   1   8   3 644   7   5   9   1   2   7   7   9   3   9   3   4   1   0  17   8  10   4   1   9   1 |   e = G
   4   1   8   0   0 677   8   1   0   0   4   1   5  12   1   0   0   2   0  11   0   2   2   0   0   9 |   f = S
   0   2  11   0   4   4 715   0   0   0   4   0  13   2   0   1   0   0   1   5   0   1   0   0   2   1 |   g = B
   0   0   1   1   2   6   3 742   2   1   0   3   0   2   1   0   0   2   0   2   0  14   2   4   1   0 |   h = A
   1  24   6   5   1  14   5   5 581   0  23   8   2  27   0   6   0   3  10   1   1   2   4   1   0  17 |   i = J
   0   0   1   8   6   0  10   1   0 745   0   2   3   0   3   6   2   0   0   1   1   0   0   3   0   0 |   j = M
   0   1   5   0   1   0   3   0   1   0 745   1   4   1   1   0   0   0   1   7   1   2   1   1   9   2 |   k = X
   0   2  18   3  12   5   1   8   0   6   2 636  10   0   2   4  16   0   2   0   5   0  14   7   0   0 |   l = O
   0   0  11  10   5   0  19   3   0   2   2   2 681   0   0  10   0   1   1   3   0   0   1   0   6   1 |   m = R
   7   7   6   0   3   3  14   1   1   0   2   0   3 682   1   1   2   0  19  13   2   5   0   0   1   2 |   n = F
   0   0   0   1  30   1   0   3   0   3   3  14   5   1 619   4   0   3   0  25   0   1   5   7  11   0 |   o = C
   0   1  15  10   9   0  24   5   1   2   4  12  35   7   0 558   0   0   8   3   1   5   4   4  25   1 |   p = H
   0   0   0   7   6   0   4   2   0  13   0   1   5   0   0   4 682   0   1   8   9   0   1   8   1   0 |   q = W
   0   1   2   0  10  12   4  10   0   0  14   1   8   6   3   6   0 648   0  23   0   0   4   5   3   1 |   r = L
   0   2   2   0   5   4   8   0   1   0   0   0   4  21   2   0   0   0 730  12   1   4   7   0   0   0 |   s = P
   0   0   0   0   9   5   2   0   0   0   5   0   1   3  11   1   0   0   0 710   0   2   8   0   3   8 |   t = E
   0   0   1   2  11   0  19   6   0   2   0   0   4   2   1   4   9   0   2   3 687   7   1   3   0   0 |   u = V
   8   0   0   0   1   2   0   0   0   2   3   0   1   5   0   2   2   0   5   0  11 741   2   1   0   0 |   v = Y
   0   7   7   0  16  12   3   8   0   0   9   6   8   2   1   0   0  22   0  12   0   4 626   3   6  31 |   w = Q
   0   0   1   3   1   0   1   9   0  16   0   3   4   0   0   3   3   0   0   1   1   2   2 761   2   0 |   x = U
   0   0   2   1   2   0   5   8   0   1  12   0  24   3   0  10   0   0   0   4   0   0   0   2 665   0 |   y = K
   0   7   3   5   1  14   0   5   1   0   4   0   6   9   0   0   0   4   0   9   1   2   4   0   0 659 |   z = Z

-----------------------------------------------------------------------------
||                                  Result                                 ||
-----------------------------------------------------------------------------
|| ANN || Neurons: 21 Layers: 2 Epochs: 1000 Learning Rate: 4.0 Momentum: 1.75

Correctly Classified Instances       16635               83.175  %
Incorrectly Classified Instances      3365               16.825  %
Kappa statistic                          0.825 
Mean absolute error                      0.0144
Root mean squared error                  0.1059
Relative absolute error                 19.4321 %
Root relative squared error             55.071  %
Total Number of Instances            20000     

Confusion Matrix
   a   b   c   d   e   f   g   h   i   j   k   l   m   n   o   p   q   r   s   t   u   v   w   x   y   z   <-- classified as
 640   3   7   2  12  10  16   0   0   0  13   4   5  22   2   7   0   0   1  13   2  14   2   6   9   6 |   a = T
   1 631   5   1   4  25   7   1   6   0  14   2   1  20   7   0   0   2   7   2   0   1   6   0   0  12 |   b = I
   0   2 680   8   1  10  18   0   2   4   6  15  16   1   0  23   0   1   9   0   0   0   0   6   1   2 |   c = D
   0   0  22 685   1   0   3   2   0   8   0   9  15   1   1  16  11   0   1   0   0   1   0   4   3   0 |   d = N
   0   4  11   3 563   9  15   7   0   1   8   7  20   6  23   5   3   3   2  16   0   5  47   4  10   1 |   e = G
   5   7   3   0   1 597  26   4   2   0  11   0   8  18   0   2   0   3   2  20   0   7   5   0   8  19 |   f = S
   2   0  33   1   3  11 631   0   0   0  11   5  27   1   0   9   0   0   3  11   1   4   5   3   4   1 |   g = B
   0   0   7   2   0   9   6 687   2   7   2   2   2   8   0   5   2   1   4   0   2   6  13  17   3   2 |   h = A
   0  18   8   3   2  19   4   2 571   0  17  11   3  21   1   3   0   3  13   3   0   4  16   3   3  19 |   i = J
   0   0   0   8   9   0  13   5   0 730   0   1   3   0   3   5   7   0   0   0   0   0   0   6   2   0 |   j = M
   3   5   8   0   3   9   9   0   0   0 695   1   7   6   0   2   0   2   1   5   0   2   2   1  21   5 |   k = X
   0   1  14   9  13   3   6   4   1   5   1 616   9   0   6   8  14   3   3   0   1   0  22  10   2   2 |   l = O
   1   1  19   7   6   1  44   3   0   2   8   4 622   1   0  12   1   0   1   2   0   0   5   2  16   0 |   m = R
  16   4   9   3   2  10  19   0   0   0  10   0   5 625   3   6   6   0  23  11   0  10   2   1   5   5 |   n = F
   2   3   0   1  32   3   8   0   1   4   3  17   4   3 574   9   3   1   0  22   1   0   8  13  24   0 |   o = C
   0   4  23   9  10   3  21   0   0   0   9  16  25   8   2 521   1   0   3   1   2  16  11  13  34   2 |   p = H
   0   0   0   7   2   0   6   4   0  15   0   5  10   0   3   5 679   0   0   0   4   0   2   8   2   0 |   q = W
   2   4   4   0  11  10  17   1   0   0   8   0   8   6   2   9   0 633   0  14   0   2  10   9   8   3 |   r = L
   1   1  10   2  11   6   6   0   0   0   0   3   4  51   0   8   1   0 679   3   3   2   6   2   2   2 |   s = P
   3   5   3   1  25  14  11   0   0   0   7   1   4  16   3   4   0   2   0 634   0   0  14   0  12   9 |   t = E
   2   0   3   0   7   0  18   0   0   3   0   6   4   1   1   4  10   0   5   1 660  20   8   7   4   0 |   u = V
  21   2   4   0   1   6   5   0   1   2   3   3   0  11   1   0   3   2   7   0  20 671  13   7   0   3 |   v = Y
   0   4   7   0  23  17  18   3   0   0   7  27   7   3   1   1   1   5   3  19   3   5 619   0   1   9 |   w = Q
   2   0   6   5   2   0   1   1   0  16   0  11   1   0   2   8   8   2   1   1   3   1   6 729   7   0 |   x = U
   0   1   4   0   7   4  13   1   0   6  14   1  27   0   2  29   0   2   0  11   0   0   2   8 607   0 |   y = K
   0   5   1   0   0  20   1   1   1   0   5   0   1   6   0   0   0   8   1  21   0   3   3   0   1 656 |   z = Z

-----------------------------------------------------------------------------
||                                  Result                                 ||
-----------------------------------------------------------------------------
|| ANN || Neurons: 33 Layers: 1 Epochs: 1600 Learning Rate: 1.0 Momentum: 1.5

Correctly Classified Instances       16745               83.725  %
Incorrectly Classified Instances      3255               16.275  %
Kappa statistic                          0.8307
Mean absolute error                      0.0132
Root mean squared error                  0.1079
Relative absolute error                 17.8575 %
Root relative squared error             56.1323 %
Total Number of Instances            20000     

Confusion Matrix
   a   b   c   d   e   f   g   h   i   j   k   l   m   n   o   p   q   r   s   t   u   v   w   x   y   z   <-- classified as
 662   2   6   1   9   8   7   1   0   0  11   5   0   7   0   9   0   0   2  19   5  11   5   5   7  14 |   a = T
   5 625   8   0   2  18  12   6  13   0  15   3   1  15   3   0   0   4   7   0   0   3   4   0   1  10 |   b = I
   0   0 692  10   0   2  15   3   3   4   6  10  15   2   2  20   1   3   6   1   0   0   1   3   6   0 |   c = D
   0   0  13 698   0   0   5   7   2   7   0   8   3   6   1  11   8   1   4   0   1   1   0   4   3   0 |   d = N
   0   5   5   0 555  11  25   5   1   1  11  12  18   1  20   5   8   6   3  24   2   2  35   3   9   6 |   e = G
   0   3   4   0   4 535  43   9   9   0  16   5   7  12   1   2   0   9   2  12   4  13   7   0  10  41 |   f = S
   1   0  31   4   3  11 636   1   1   0   7   7  21   2   1   4   1   1   2  13   0   6   4   0   7   2 |   g = B
   0   0   4   1   2   7   3 703   7   5   0   0   3   3   5   3   6   4   0   0   1   6   2  14   3   7 |   h = A
   1  24   7   6   0   7   8  12 586   0  16   1   4  12   1   4   0   1  15   0   0   6   2   1   0  33 |   i = J
   0   0   3   9   0   0  10   1   0 734   0   2   4   0   1   4   8   0   1   5   0   1   3   2   4   0 |   j = M
   3   5   6   0   0   6   5   0   3   0 703   5   0   1   2   4   0   0   0  14   2   4   3   0  16   5 |   k = X
   0   2  10   4   6   0   1  10   5   6   3 606   9   0   3  17  20   6   3   1   3   1  23   9   5   0 |   l = O
   0   0  17  13   2   0  39   7   0   5   7   7 594   4   6  14   1   1   1   6   0   2   3   1  28   0 |   m = R
   8   1  10   4   0  12  30   1   1   1   6   0   5 624   3   3   3   0  27  11   2   6   5   1   4   7 |   n = F
   3   3   1   0   9   3   0   1   1   5   4   8   1   5 615   5   0   5   1  39   1   1   0   8  17   0 |   o = C
   1   0  23   5   3   0  30   7   4   0   4  10  27   1   2 540   1   2   4   2   5  12   4   7  34   6 |   p = H
   0   0   0   9   0   0   6   6   0  22   0   0   1   1   6   5 671   0   2   2   6   0   2   8   5   0 |   q = W
   1   1   0   0  11   5   9   3   0   4  15   0   3   2   6   6   0 636   0  25   0  11   8   3   6   6 |   r = L
   0   2  10   2   3   0   7   1   0   2   1   6   4  33   1   2   2   1 698   9   2   6   6   0   3   2 |   s = P
   3   2   1   0   8  14  12   1   0   0  20   1   9   4  19   3   0   8   0 612   1   3  18   0  11  18 |   t = E
   4   0   4   2   0   0  20   8   0   3   1   0   1   2   3   3  14   0   4   5 676  10   3   1   0   0 |   u = V
  19   0   2   1   0   3   3   4   3   3   5   0   0   3   0   2   0   1   3   0  13 703  15   2   1   0 |   v = Y
   1   7  10   1  16   8  12   9   2   0   7  13   5   1   7   2   3  19   2   8   2   4 616   3   7  18 |   w = Q
   0   1   4   5   0   0   6   3   1  10   2   7   0   3   5   6  10   0   1   0   2   0   2 742   3   0 |   x = U
   0   1   1   4   2   1  14   3   0   0  21   2  30   0   3  12   1   2   4   7   1   0   0   7 620   3 |   y = K
   6   0   3   0   0  21   2   5   2   0   2   0   2   1   0   0   0   7   1  15   0   3   1   0   0 663 |   z = Z

-----------------------------------------------------------------------------
||                                  Result                                 ||
-----------------------------------------------------------------------------
|| ANN || Neurons: 42 Layers: 2 Epochs: 1600 Learning Rate: 3.25 Momentum: 2.25

Correctly Classified Instances       17831               89.155  %
Incorrectly Classified Instances      2169               10.845  %
Kappa statistic                          0.8872
Mean absolute error                      0.009 
Root mean squared error                  0.0872
Relative absolute error                 12.178  %
Root relative squared error             45.3374 %
Total Number of Instances            20000     

Confusion Matrix
   a   b   c   d   e   f   g   h   i   j   k   l   m   n   o   p   q   r   s   t   u   v   w   x   y   z   <-- classified as
 668   1   5   6   7   3  10   3   1   0  12   1   8   7   4   8   0   0   0  18   0   8   3   7   5  11 |   a = T
   2 688   2   2   0  12   1   3   6   0   9   0   3   8   2   0   0   0   2   6   0   5   2   0   0   2 |   b = I
   0   1 739   3   1   3   7   1   4   4   3   9   6   1   0  10   0   1   2   0   0   0   0   7   3   0 |   c = D
   0   0  11 732   0   0   0   0   2   4   0  10   6   1   0   6   0   0   1   0   0   1   2   4   3   0 |   d = N
   2   2   6   0 653   8  10   5   5   1   2  18   3   4  10   1   1  10   3   6   0   0  15   1   6   1 |   e = G
   2   3   3   0   1 677   6   1   3   0   6   1   3   5   0   2   0   7   2  14   0   3   1   0   3   5 |   f = S
   0   0  10   0   3   3 691   1   1   0   3   1  26   1   1   1   2   0   3   7   0   2   0   4   6   0 |   g = B
   0   1   3   7   2   5   1 730   3   1   1   0   2   1   1   4   0   5   1   0   0   8   5   4   1   3 |   h = A
   2  12   1   1   0  15   0   8 646   1  10   0   1  17   7   3   0   1   4   5   0   3   3   4   1   2 |   i = J
   0   0   1  13   7   1   4   0   0 738   0   2   7   0   0   2   5   0   0   4   1   0   1   3   3   0 |   j = M
   1   0   5   0   0   4   0   0   1   0 748   1   1   4   2   0   0   0   0   2   1   1   0   1  13   2 |   k = X
   0   0   7   2   7   2   0   7   3   4   0 664  13   0   1  10   9   3   1   0   0   0  14   5   1   0 |   l = O
   0   0   4  11   5   0  16   2   1   1   1   2 679   1   0   7   1   0   1   4   0   0   6   1  15   0 |   m = R
   9   2   3   6   2   7   6   0   3   0   4   1   3 684   3   2   1   0  16  15   1   3   0   0   2   2 |   n = F
   0   2   0   4  23   0   1   2   1   2   0   8   3   0 634  11   0   3   0  19   1   0   3   7  12   0 |   o = C
   1   0  15   6   9   3  11   5   7   2   2   3  23   6   0 582   2   1   1   2   2   9   8   7  27   0 |   p = H
   0   0   1   5   6   0   3   0   0  13   0   2   3   0   1   1 703   0   0   2   1   0   3   6   2   0 |   q = W
   0   2   3   5   9   7   9   8   0   0  14   0  12   2  10   3   0 643   0  16   1   3   3   4   7   0 |   r = L
   0   3   1   2   5   2   9   1   0   0   0   3   5  27   0   1   1   0 722   7   1   2   5   3   3   0 |   s = P
   1   2   1   0  24   6   8   0   1   0   2   1   0   1   6   0   0   1   0 690   0   2   6   0   8   8 |   t = E
   1   0   2   9   6   0  15   2   1   1   0   4   1   0   1   3  14   0   3   3 678   7   0  11   2   0 |   u = V
  10   0   0   2   0   2   1   2   0   1   3   0   0   5   0   1   1   0   1   0   8 744   4   1   0   0 |   v = Y
   2   2   7   0   9  11  10   5   4   0   2  21   2   4   1   0   1  13   2  22   2   4 627   2   2  28 |   w = Q
   0   0   1   8   2   0   2   1   0   8   0   2   0   0   1   3   5   0   1   0   1   3   2 769   4   0 |   x = U
   0   0   1   1   6   2   0   0   0   2  12   1  14   0   3   7   0   1   1   4   0   0   1   2 681   0 |   y = K
   7   3   1   1   0  28   2   5   9   0  10   0   0   3   1   1   0   7   1  17   0   6  10   0   1 621 |   z = Z

-----------------------------------------------------------------------------
||                                  Result                                 ||
-----------------------------------------------------------------------------
|| ANN || Neurons: 19 Layers: 1 Epochs: 400 Learning Rate: 4.0 Momentum: 1.25

Correctly Classified Instances       16375               81.875  %
Incorrectly Classified Instances      3625               18.125  %
Kappa statistic                          0.8115
Mean absolute error                      0.0162
Root mean squared error                  0.1096
Relative absolute error                 21.8924 %
Root relative squared error             57.0039 %
Total Number of Instances            20000     

Confusion Matrix
   a   b   c   d   e   f   g   h   i   j   k   l   m   n   o   p   q   r   s   t   u   v   w   x   y   z   <-- classified as
 645   2   5   1   5   6   9   0   1   0   7   3   2   6   6  14   0   1   2  24   3  13   2   7  11  21 |   a = T
   1 632  22   0   1  19   4   3   5   0  20   1   0   8   1   0   0   5  12   1   0  12   0   1   0   7 |   b = I
   0   1 714   8   0   1  13   3   3   1   5  13  15   4   0  11   0   0   2   0   0   2   0   6   2   1 |   c = D
   0   0  23 673   0   1   0   7   1  14   1   9  13   0   1  11   9   0   3   0   0   2   0   6   9   0 |   d = N
   0   2  17   1 537   8  10  12   0   4  12   5  16   5  16   2   4   7   5   3   1   7  49   0  41   9 |   e = G
   0  14  16   0   2 507  21  17   4   0  24   7  13  18   0   0   0  23   1  29   3  15   5   0   5  24 |   f = S
   1   1  30   0   1  11 579   4   0   3  20   5  53   6   2   1   0   2   9   2   0   1   5   1  29   0 |   g = B
   0   0   9   8   0   4   0 704   2   8   5   3   4   0   1   3   3   1   2   0   3  11   6   8   3   1 |   h = A
   0  20  17   3   0  16   4   7 569   0  15   7   3  15   3   3   0   1  10   9   0   6   8   2   0  29 |   i = J
   0   0   3   5   0   0   9   3   0 729   0   0   8   0   0   5   9   0   0   0   0   0   4   6  11   0 |   j = M
   3   0  11   0   0   2  10   2   1   0 685   1   4   5   1   0   0   3   0  15   0  12   2   5  21   4 |   k = X
   0   0  28   5   0   0   1   6   1   2   0 591  18   0   8   9  16   2   8   1   0   0  44   9   4   0 |   l = O
   1   0  24   9   1   0  18   8   0   4  13   3 627   5   1   5   0   0   3   1   0   0   4   0  31   0 |   m = R
  21   8  21   5   0  16   7   1   1   1  10   0   3 592   7   2   2   0  36  17   2  11   1   1   6   4 |   n = F
   2   0   1   1  16   2   0   0   0   2   6  12   0   2 579   2   1   5   2  36   0   1  11  13  41   1 |   o = C
   0   0  24  19   3   0   6   7   2   5   7  18  52   7  13 476   0   1  13   4   4   8  10  23  32   0 |   p = H
   0   0   1  11   0   0   2   7   0  18   0   3   6   0   4   5 663   0   7   2   3   0   4   2  14   0 |   q = W
   0   1   6   2  10   3  12   1   1   1  24   2   3   1   6   1   0 634   0  25   0   4   8   6  10   0 |   r = L
   1   1   6   0   5   0  12   3   0   0   0   2   1  30   0   0   4   0 704   5   1  12  10   1   5   0 |   s = P
   1   6   0   0  12   8   7   1   0   0  15   0   9   6   4   1   0   0   0 615   0   5  15   1  36  26 |   t = E
   0   0   6   1   0   0   9  10   0   2   0   2   3   1   1   1  10   2  13   5 664  20   4   1   9   0 |   u = V
  17   0   5   1   0   5   0   6   0   1   4   0   3  10   0   1   2   0  17   1  13 678  16   2   3   1 |   v = Y
   0  15   4   1   7  14   6   8   0   0   4  31   6   0   1   0   4  20   1  14   3   5 612   0   7  20 |   w = Q
   0   0   2  10   0   0   2   3   1  29   0  20   0   0   3  11   4   1   0   0   0   1   3 712  11   0 |   x = U
   0   0  10   5   4   0   6   1   0   3  29   0  23   0   6   6   2   1   1   8   3   0   3  11 617   0 |   y = K
   1   2   6   0   0  33   1   9   3   0   8   0   2   6   0   0   0   6   1  17   0   1   1   0   0 637 |   z = Z

-----------------------------------------------------------------------------
||                                  Result                                 ||
-----------------------------------------------------------------------------
|| ANN || Neurons: 16 Layers: 1 Epochs: 600 Learning Rate: 1.25 Momentum: 1.0

Correctly Classified Instances         813                4.065  %
Incorrectly Classified Instances     19187               95.935  %
Kappa statistic                          0     
Mean absolute error                      0.074 
Root mean squared error                  0.1923
Relative absolute error                100      %
Root relative squared error            100      %
Total Number of Instances            20000     

Confusion Matrix
   a   b   c   d   e   f   g   h   i   j   k   l   m   n   o   p   q   r   s   t   u   v   w   x   y   z   <-- classified as
   0   0   0   0   0   0   0   0   0   0   0   0   0   0   0   0   0   0   0   0   0   0   0 796   0   0 |   a = T
   0   0   0   0   0   0   0   0   0   0   0   0   0   0   0   0   0   0   0   0   0   0   0 755   0   0 |   b = I
   0   0   0   0   0   0   0   0   0   0   0   0   0   0   0   0   0   0   0   0   0   0   0 805   0   0 |   c = D
   0   0   0   0   0   0   0   0   0   0   0   0   0   0   0   0   0   0   0   0   0   0   0 783   0   0 |   d = N
   0   0   0   0   0   0   0   0   0   0   0   0   0   0   0   0   0   0   0   0   0   0   0 773   0   0 |   e = G
   0   0   0   0   0   0   0   0   0   0   0   0   0   0   0   0   0   0   0   0   0   0   0 748   0   0 |   f = S
   0   0   0   0   0   0   0   0   0   0   0   0   0   0   0   0   0   0   0   0   0   0   0 766   0   0 |   g = B
   0   0   0   0   0   0   0   0   0   0   0   0   0   0   0   0   0   0   0   0   0   0   0 789   0   0 |   h = A
   0   0   0   0   0   0   0   0   0   0   0   0   0   0   0   0   0   0   0   0   0   0   0 747   0   0 |   i = J
   0   0   0   0   0   0   0   0   0   0   0   0   0   0   0   0   0   0   0   0   0   0   0 792   0   0 |   j = M
   0   0   0   0   0   0   0   0   0   0   0   0   0   0   0   0   0   0   0   0   0   0   0 787   0   0 |   k = X
   0   0   0   0   0   0   0   0   0   0   0   0   0   0   0   0   0   0   0   0   0   0   0 753   0   0 |   l = O
   0   0   0   0   0   0   0   0   0   0   0   0   0   0   0   0   0   0   0   0   0   0   0 758   0   0 |   m = R
   0   0   0   0   0   0   0   0   0   0   0   0   0   0   0   0   0   0   0   0   0   0   0 775   0   0 |   n = F
   0   0   0   0   0   0   0   0   0   0   0   0   0   0   0   0   0   0   0   0   0   0   0 736   0   0 |   o = C
   0   0   0   0   0   0   0   0   0   0   0   0   0   0   0   0   0   0   0   0   0   0   0 734   0   0 |   p = H
   0   0   0   0   0   0   0   0   0   0   0   0   0   0   0   0   0   0   0   0   0   0   0 752   0   0 |   q = W
   0   0   0   0   0   0   0   0   0   0   0   0   0   0   0   0   0   0   0   0   0   0   0 761   0   0 |   r = L
   0   0   0   0   0   0   0   0   0   0   0   0   0   0   0   0   0   0   0   0   0   0   0 803   0   0 |   s = P
   0   0   0   0   0   0   0   0   0   0   0   0   0   0   0   0   0   0   0   0   0   0   0 768   0   0 |   t = E
   0   0   0   0   0   0   0   0   0   0   0   0   0   0   0   0   0   0   0   0   0   0   0 764   0   0 |   u = V
   0   0   0   0   0   0   0   0   0   0   0   0   0   0   0   0   0   0   0   0   0   0   0 786   0   0 |   v = Y
   0   0   0   0   0   0   0   0   0   0   0   0   0   0   0   0   0   0   0   0   0   0   0 783   0   0 |   w = Q
   0   0   0   0   0   0   0   0   0   0   0   0   0   0   0   0   0   0   0   0   0   0   0 813   0   0 |   x = U
   0   0   0   0   0   0   0   0   0   0   0   0   0   0   0   0   0   0   0   0   0   0   0 739   0   0 |   y = K
   0   0   0   0   0   0   0   0   0   0   0   0   0   0   0   0   0   0   0   0   0   0   0 734   0   0 |   z = Z

-----------------------------------------------------------------------------
||                                  Result                                 ||
-----------------------------------------------------------------------------
|| ANN || Neurons: 25 Layers: 1 Epochs: 600 Learning Rate: 1.25 Momentum: 3.0

Correctly Classified Instances       16781               83.905  %
Incorrectly Classified Instances      3219               16.095  %
Kappa statistic                          0.8326
Mean absolute error                      0.0143
Root mean squared error                  0.1042
Relative absolute error                 19.2752 %
Root relative squared error             54.1771 %
Total Number of Instances            20000     

Confusion Matrix
   a   b   c   d   e   f   g   h   i   j   k   l   m   n   o   p   q   r   s   t   u   v   w   x   y   z   <-- classified as
 654   1   9   0  12   9   7   0   3   0   7   0   4   6   1  11   0   1   0  26   4   8   5   8   7  13 |   a = T
   2 635  13   0   0  19   7   0  15   0  14   5   4  11   4   0   0   2  14   1   0   2   2   0   1   4 |   b = I
   0   1 700   9   0  10  17   4   1   4   9  12   8   1   0  12   0   0   7   0   0   0   0   6   4   0 |   c = D
   3   0  10 670   0   0   6   1   1  12   0  18   8   9   0  15   6   2   3   0   2   7   0  10   0   0 |   d = N
   0   0  12   0 580  16   9   6   3   3  12  10  17   0  12   3  10   1  14   2   0   2  29   8  17   7 |   e = G
   2   4   5   0   1 558  45   4  21   0  13   4   7   5   2   1   0   7   5  19   4   4   1   0   9  27 |   f = S
   0   1  19   0   4  17 649   0   0   0   6   0  35   4   0   1   0   1   4  12   0   3   0   1   8   1 |   g = B
   0   0   5   5   0   5   2 704   4   2   2   1   1   3   1   3  10   1   3   0   4  10   6   9   4   4 |   h = A
   4  17   7   1   0   8   3   3 633   0  23   3   0   8   0   3   0   2  13   3   0   0   2   1   2  11 |   i = J
   0   0   2  15   3   0  14   3   0 725   0   1   3   0   5   2   7   0   2   2   0   0   0   6   2   0 |   j = M
   3   1  11   0   1   6   0   0   0   0 714   1   2   2   0   0   0   2   0  12   1   4   2   4  17   4 |   k = X
   0   0  16   1   8   5   1  11   4   2   0 610  13   0   3   8  25   2  10   0   0   0  23  10   0   1 |   l = O
   0   0  15   5   4   2  30   2   1   4   4   6 636   4   0  17   1   1   4   3   0   0   2   5  12   0 |   m = R
  11   5   7   0   0  18  20   0   8   3  11   0   7 625   1   6   3   0  24  17   0   1   0   1   5   2 |   n = F
   0   0   1   2  33   3   0   1   1   2   5  11   0   0 581   6   3   5   0  32   1   0   8  13  28   0 |   o = C
   0   0  36  10  13   5  21   6   3   6  12  24  49  10   0 451   1   2  12   1   5   8   9  15  33   2 |   p = H
   0   0   0   2   2   0   1   1   0  22   0   4   6   0   1   6 679   0   2   4   3   2   1  13   2   1 |   q = W
   0   2   1   1  15   5   3   4   0   0  20   1   3   0   2   4   3 644   0  31   0   0   6   5   7   4 |   r = L
   0   1   6   0   6   3   8   0   0   0   1   3  10  34   1   1   2   0 713   2   0   1   5   0   6   0 |   s = P
   0   3   0   0  10  12  12   0   2   0  19   1   7   6   5   1   0   2   1 638   0   0  19   0  16  14 |   t = E
   2   0   4   4   6   2  12   1   0   4   0   0   4   1   1   2  24   0  10   0 667  13   3   2   2   0 |   u = V
  11   0   2   1   2   3   4   3   0   2   4   0   0   6   1   2   2   0  18   2  15 676  20   7   0   5 |   v = Y
   0   7   5   0  12  17  12  17   1   1  10  14   3   0   1   2   2  15   5   8   1   1 622   0   0  27 |   w = Q
   0   0   1   7   0   0   3   3   0  14   0   2   0   2   2   1  12   2   0   0   1   0   3 755   5   0 |   x = U
   1   0   5   5   3   1   9   3   0   4  23   2  27   1   2  13   2   3   1   6   2   2   0   6 618   0 |   y = K
   2   4   2   0   0  27   1   4  11   0   8   0   4   1   0   0   0   6   2  10   0   7   1   0   0 644 |   z = Z

-----------------------------------------------------------------------------
||                                  Result                                 ||
-----------------------------------------------------------------------------
|| ANN || Neurons: 16 Layers: 1 Epochs: 1600 Learning Rate: 4.0 Momentum: 1.75

Correctly Classified Instances       15812               79.06   %
Incorrectly Classified Instances      4188               20.94   %
Kappa statistic                          0.7822
Mean absolute error                      0.0179
Root mean squared error                  0.1191
Relative absolute error                 24.2313 %
Root relative squared error             61.9181 %
Total Number of Instances            20000     

Confusion Matrix
   a   b   c   d   e   f   g   h   i   j   k   l   m   n   o   p   q   r   s   t   u   v   w   x   y   z   <-- classified as
 657   1  15   0   8   3   8   1   0   0   8   3   3   8   3   0   0   0   1  20   0  14  15   0  13  15 |   a = T
   3 609  18   0   1  27  16   3   7   0  21   5   0   6   3   0   0   1  14   3   0   3   5   0   0  10 |   b = I
   0   0 704   2   1   2  11   1   0   9   9  19  32   0   0   5   0   1   2   0   0   1   1   4   1   0 |   c = D
   0   0  34 634   1   0   2   6   3  14   0  20  11   0   2   7  15   0   8   0   1   3   1   7  14   0 |   d = N
   0   1  14   0 561  10   9  10   0   2  11  12   8   2  15   1   1   3  12   5   2   6  46   1  36   5 |   e = G
   6   9  12   0   4 503  48  15   5   0  36   8  11   6   8   0   0   3   5  14   0  11   9   0   8  27 |   f = S
   0   0  41   0   2  15 576   1   0   3  16   7  48   1   1   2   0   0   4  12   2   4  15   0  12   4 |   g = B
   1   0   9   0   0  11   4 707   1   8   6   4   2   0   1   1   5   1   0   0   0   9   2  11   5   1 |   h = A
   1  12  11   1   0  15  16   9 577   0  16   6   1  17   1   0   0   2  21   4   0   9   3   0   1  24 |   i = J
   0   0   4  11   2   0   3   3   0 723   0   3   6   1   1   3  11   1   2   1   1   0   4   7   5   0 |   j = M
   5   2  16   0   9  19  10   1   1   0 618   5   4   1   0   1   0   5   3  10   0  10  38   4  21   4 |   k = X
   0   0  26   0   8   0   3   9   0   6   6 597  15   0   6   5   9   1  18   1   7   0  28   6   2   0 |   l = O
   0   0  18   1  15   0  26   4   2   5   7   7 595   0   1   6   0   1  10   3   1   2  12   1  41   0 |   m = R
  13   7  27   2   1  13  25   1   0   0  10   1   5 573   2   0   5   0  42  13   2   8   7   2   4  12 |   n = F
   2   3   3   0  18   7   2   0   0   2   5  16   0   3 563   2   1   6   3  19   1   1  16  10  48   5 |   o = C
   0   0  75   8  25   1  11   5   7  11  10  51  45  11   4 278   0   3  11   5  19  11  16  35  89   3 |   p = H
   0   0  13   8   1   0   1   2   0  26   0   4   9   0   0   1 656   0   5   2   1   0  13   4   6   0 |   q = W
   0   6   2   0  16   8  17   1   6   1  23   0   8   0   5   1   2 600   6  21   0   5  11   0  12  10 |   r = L
   0   1   5   4  11   1  11   0   0   1   1   4   7  33   1   0   0   1 698   0   0   9  11   0   4   0 |   s = P
   5   2   7   0  20  12  14   0   0   0  36   1   8   2   8   1   0   1   4 567   2   1  20   0  22  35 |   t = E
   4   0  12   0   3   0   6   1   0   5   2   4   2   0   0   1   8   0   7   3 661  19  15   5   6   0 |   u = V
  27   0   7   0   0   7   0   0   1   4  10   2   0   7   0   1   0   0  27   0  17 637  35   4   0   0 |   v = Y
   0   4   5   0  21   4   6   8   1   0  11  31   2   0   1   0   1  11   6  19   3   5 605   1   4  34 |   w = Q
   1   0   4   8   1   0   0   3   4  27   3  23   2   0   8   3   5   0   0   0   0   3  17 693   8   0 |   x = U
   0   0   4   4   5   0   9   0   1   5  29   4  33   0   1   9   0   1   0   6   4   1   7   9 607   0 |   y = K
   3   3   8   0   2  42   4   6   1   0   6   0   2   3   1   0   0   3   4  18   0   5   8   0   2 613 |   z = Z

-----------------------------------------------------------------------------
