||                                  Result                                 ||
-----------------------------------------------------------------------------
|| ANN || Neurons: 16 Layers: 1 Epochs: 1000 Learning Rate: 4.0 Momentum: 2.75

Correctly Classified Instances       15811               79.055  %
Incorrectly Classified Instances      4189               20.945  %
Kappa statistic                          0.7821
Mean absolute error                      0.018 
Root mean squared error                  0.1184
Relative absolute error                 24.3698 %
Root relative squared error             61.5471 %
Total Number of Instances            20000     

Confusion Matrix
   a   b   c   d   e   f   g   h   i   j   k   l   m   n   o   p   q   r   s   t   u   v   w   x   y   z   <-- classified as
 652   1  13   0   8   4   8   1   1   0  11   2   3   8   2   0   0   0   2  18   1  18  12   0  15  16 |   a = T
   3 609  16   0   1  21  17   5   7   0  22   6   0   5   3   0   0   1  16   3   0   2   5   0   0  13 |   b = I
   0   0 701   2   1   3  13   2   0  10  10  18  26   1   0   5   0   1   4   0   0   1   0   4   3   0 |   c = D
   0   0  28 635   1   0   1   6   3  17   0  21  11   0   1   8  13   1  10   0   1   2   0  10  14   0 |   d = N
   0   1  16   0 562   8   7   9   0   1  15  10   8   1  13   0   1   3  15   8   1   8  43   1  39   3 |   e = G
   4   7  10   0   9 508  36  16   4   0  34   9  10   8   7   1   0   7   5  13   0  16  11   1   8  24 |   f = S
   0   0  43   0   1  18 554   1   0   2  20   7  52   3   0   1   0   1   5  19   0   1  17   0  15   6 |   g = B
   0   0   6   0   0  13   3 706   1   8   6   2   3   0   1   2   6   2   1   0   0  10   4   9   6   0 |   h = A
   2  13   9   1   0  15  15  12 575   1  18   6   2  18   1   0   0   1  18   3   0   9   4   0   1  23 |   i = J
   0   0   3  12   2   0   1   2   0 724   0   3   8   1   1   3  10   1   2   3   0   0   4   7   5   0 |   j = M
   3   5  13   0   6  18   6   0   2   0 625   1   3   1   0   1   0   7   4   8   0  11  42   6  22   3 |   k = X
   0   0  26   2   9   0   2  10   1   8   5 597  18   0   3   4   8   0  17   2   4   0  30   4   3   0 |   l = O
   0   0  24   1  15   0  18   4   2   8   7   7 591   0   0   6   0   1   8   6   1   1  11   1  46   0 |   m = R
  12   8  22   2   1  11  18   1   0   0  16   1   8 584   1   0   6   0  41  11   2   8   3   0   6  13 |   n = F
   4   1   3   0  21   6   1   0   0   1   9  16   0   3 567   2   2   3   3  19   2   1  19   9  44   0 |   o = C
   0   0  76   8  24   0   6   6   5  13  16  43  51   8   3 280   0   3  10   8  15  13  14  36  94   2 |   p = H
   0   0   4   6   2   0   1   1   0  26   0   3  17   0   0   3 659   0   5   3   0   0  11   4   7   0 |   q = W
   0   6   0   0  19   7  16   3   4   1  26   0   7   0   2   2   2 597   7  18   1   5   6   2  18  12 |   r = L
   0   1   5   4  10   2  12   0   0   1   0   4   6  38   1   0   0   1 693   0   2   8   9   0   6   0 |   s = P
   7   2   3   0  15  13   9   0   1   0  37   0   8   0   9   0   0   0   4 581   3   2  21   0  27  26 |   t = E
   2   0  10   0   3   0   7   0   0   4   2   4   2   0   1   1   9   0   7   3 664  17  17   6   5   0 |   u = V
  21   1   5   0   0   7   0   0   1   4  11   0   0  11   0   0   0   0  30   0  16 638  32   8   1   0 |   v = Y
   0   3   6   0  23   2   8   9   0   1  10  36   2   1   1   0   0  11   8  18   2   7 593   1  10  31 |   w = Q
   0   0   2   7   2   0   0   3   2  24   2  24   2   0   9   3   4   0   0   0   0   3  15 702   9   0 |   x = U
   0   0   5   4   4   0   4   0   1   5  31   4  33   0   2   9   0   3   1  10   1   1   8   7 606   0 |   y = K
   4   5   9   0   3  41   6   7   1   0   8   0   1   3   0   0   0   3   5  17   0   4   8   0   1 608 |   z = Z

-----------------------------------------------------------------------------
||                                  Result                                 ||
-----------------------------------------------------------------------------
|| ANN || Neurons: 25 Layers: 2 Epochs: 1000 Learning Rate: 2.0 Momentum: 2.75

Correctly Classified Instances       16942               84.71   %
Incorrectly Classified Instances      3058               15.29   %
Kappa statistic                          0.841 
Mean absolute error                      0.013 
Root mean squared error                  0.1024
Relative absolute error                 17.5438 %
Root relative squared error             53.2386 %
Total Number of Instances            20000     

Confusion Matrix
   a   b   c   d   e   f   g   h   i   j   k   l   m   n   o   p   q   r   s   t   u   v   w   x   y   z   <-- classified as
 652   0   6   0  15   9  10   0   2   0   9   0   3  13   1   8   0   1   1  18   4  19   4   1   7  13 |   a = T
   3 636  14   1   2   8   4   3  15   2  11   6   1  15   2   0   0   3   9   3   0   4   1   0   0  12 |   b = I
   0   0 695   5   0   5  17   1   7   1   3  11  17   1   0  30   0   1   3   1   0   0   1   4   1   1 |   c = D
   2   0  18 686   0   1   1   5   2   9   1   7  10   5   0  14   5   0   1   0   0   1   1  11   3   0 |   d = N
   0   4   7   2 553   2  18   9   0   4   2  12  30   3  25   3   5   6   6  22   7   6  29   5   8   5 |   e = G
   6   5   7   0  10 582  16   9   4   0  12   1   5  17   3   4   0  11   0  23   2   5   2   0   1  23 |   f = S
   0   0  18   3   0   8 685   2   1   0   4   1  13   2   1   6   1   2   0   8   3   2   2   1   3   0 |   g = B
   0   2   2  10   0   1   0 711   7   9   1   4   3   3   1   1   1   4   5   0   1  10   3   3   5   2 |   h = A
   2  18   7   4   1   8   7   7 611   0  16   4   2  15   1   5   1   0   7   1   0   2   1   4   0  23 |   i = J
   0   0   2   4   1   0   8   4   0 730   0   0  11   0   0   3   7   1   1   0   0   1   3  13   3   0 |   j = M
   1   4   7   0   3   7   5   1   1   0 709   1   0   7   1   2   0   1   1  11   0   5   1   3  11   5 |   k = X
   1   0   9   6   4   3   5   7   4   4   2 611  12   0   1  10  18   6   9   0   6   0  23  12   0   0 |   l = O
   0   2  11  11   3   4  34   1   1   1  10   2 637   0   0  10   0   0   2   4   0   1   6   4  14   0 |   m = R
  10   6   6   1   8  14  14   0   2   0   7   2   7 628   9   1   1   1  28  10   0   5   0   1   1  13 |   n = F
   0   1   0   1  22   0   2   3   0   2   5  10   8   1 584  15   3   5   2  30   5   0   6  15  13   3 |   o = C
   0   0  26  14   6   6  15   2   1   1   6   6  36   2   0 545   3   1   6   1   2   9   4  10  30   2 |   p = H
   0   0   0   3   3   0   5   2   0   8   1   1   7   0   0   1 696   0   1   2   5   4   2   5   6   0 |   q = W
   0   3   4   0  13   7   5   2   1   1  24   3   8   2   4   4   0 629   0  21   7   5   3   4   6   5 |   r = L
   1   2   5   0   7   1   4   1   1   0   0   0   3  32   1   2   1   1 712   5   1   8  12   1   2   0 |   s = P
   2   0   3   0  23   9  11   0   0   0  22   0  11   6   6   3   0   7   1 621   1   0  13   1   9  19 |   t = E
   3   0   3   3   0   0  15   1   0   1   0   1   5   2   0   1  14   0   6   3 669  26   4   5   2   0 |   u = V
  12   0   1   0   0   4   1   2   0   3   3   1   0   2   0   0   3   0   5   0  10 731   5   2   0   1 |   v = Y
   0   0   5   0  12   7  18  12   2   1   6  27   5   2   0   0   2  19   1  21   1   1 606   4   8  23 |   w = Q
   0   1   2   8   0   0   2   1   1  21   0   8   5   1   2   8   3   2   0   0   6   1   3 733   5   0 |   x = U
   0   0   4   3   8   2  10   2   1   3  19   0  33   0   1  17   2   1   1   7   1   0   2  10 612   0 |   y = K
   1   1   6   0   1  14   1   2   0   0   2   1   1   2   1   0   0   5   1  14   0   2   1   0   0 678 |   z = Z

-----------------------------------------------------------------------------
||                                  Result                                 ||
-----------------------------------------------------------------------------
|| ANN || Neurons: 16 Layers: 2 Epochs: 1800 Learning Rate: 2.25 Momentum: 2.75

Correctly Classified Instances       16006               80.03   %
Incorrectly Classified Instances      3994               19.97   %
Kappa statistic                          0.7923
Mean absolute error                      0.0174
Root mean squared error                  0.1145
Relative absolute error                 23.5278 %
Root relative squared error             59.5387 %
Total Number of Instances            20000     

Confusion Matrix
   a   b   c   d   e   f   g   h   i   j   k   l   m   n   o   p   q   r   s   t   u   v   w   x   y   z   <-- classified as
 630   9   4   4   6   7  14   0   0   1  13   4   7   6   0  10   1   1   1  20   4  31   4   3   4  12 |   a = T
   2 616   3   0   2  30   5   2  10   0  16   4   0  12   3   2   0   6  16   5   0   1   7   0   0  13 |   b = I
   0   0 664  11   2   3  30   2   2   5  12   7  14   3   0  26   1   0   7   2   0   2   3   2   5   2 |   c = D
   1   0  15 656   1   0   5   7   1  19   1   8   2   6   0  21  19   1   1   1   0   4   2   8   4   0 |   d = N
   0   6  10   2 560   8  12   6   2   1   5  16  19   5   9   8  10   9   2  17   1   1  40   2  13   9 |   e = G
   5   8  12   0   5 512  50   3   5   0  19   6   9   8   4   1   0  21   3  33   1   6   8   1   4  24 |   f = S
   0   1  11   0   8  19 618   1   0   0   8   0  39   4   0  15   0   1   7  17   0   2   6   2   4   3 |   g = B
   1   0  15   9   2   7   7 681   3   9   7   1   3   0   1   1   5   3   2   0   1   5  10   9   5   2 |   h = A
   6  21  17   2   2   9   8   5 576   1  14   8   0  11   1   5   0  13   7   9   0   1   2   1   3  25 |   i = J
   0   0   5  18   5   0  11   3   0 721   0   0   4   0   0   9   8   0   0   2   0   0   1   5   0   0 |   j = M
   3   4  10   0   0   8   9   1   1   0 666   2   5   4   1   3   0   2   0  18   0   4   2   4  27  13 |   k = X
   1   1  23   9  16   4   6   3   0   7   3 572  13   0   4  32  13   1   3   0   6   0  23   8   4   1 |   l = O
   0   0  21   6   4   1  50   6   0   3   8  11 572   3   2  32   0   3   0   7   0   0   6   0  23   0 |   m = R
  22   4  17   5   5  19  20   0   1   2  15   0   5 574   2   8   4   1  27  19   3  11   2   1   1   7 |   n = F
   2   4   3   2  42   4   0   6   1   6   4  17   0  10 536  15   7   0   1  31   0   1   8  12  24   0 |   o = C
   0   1  34   8  10   0  27   4   2   5   8  16  28   8   0 501   0   3   4   6   0   9   6  11  40   3 |   p = H
   0   0   3  15   1   0   1   2   0  17   0   4  10   2   0   9 672   0   2   1   3   0   4   5   1   0 |   q = W
   0   6   2   2  18   5  22   0   1   0  19   0  12   3   1   5   2 624   0  17   0   1  11   3   3   4 |   r = L
   1   1   7   1  14   2   7   0   2   0   1   3   3  47   1   3   3   0 683   6   0   5  10   0   3   0 |   s = P
   2   8   1   0  29  25  11   0   0   0  18   2   6   2  11   3   3   6   0 587   0   1  12   0  17  24 |   t = E
   3   0   4   5   6   0  21   5   0   2   0   0   3   1   0   3  16   0   7   2 654  22   7   0   3   0 |   u = V
  27   2   4   3   4   4   6   1   1   0   6   3   0  11   0   2   4   0   8   3  16 663   8   8   1   1 |   v = Y
   0   2   1   2  42   7   8   7   0   0   9  34  12   6   0   6   2  16   3  20   3   4 580   3   4  12 |   w = Q
   5   1   5  12   2   0   3   4   1  20   2  14   1   1   0  14  14   3   1   0   1   1   9 687  12   0 |   x = U
   0   0  11   4   9   2  13   3   2   2  29   2  35   0   4  16   3   3   0  17   0   1   1  13 569   0 |   y = K
   1   5   2   0   1  32  10   1   6   0  14   0   3   0   0   0   0   5   0  14   0   1   7   0   0 632 |   z = Z

-----------------------------------------------------------------------------
||                                  Result                                 ||
-----------------------------------------------------------------------------
|| ANN || Neurons: 26 Layers: 2 Epochs: 1600 Learning Rate: 3.75 Momentum: 2.25

Correctly Classified Instances       17001               85.005  %
Incorrectly Classified Instances      2999               14.995  %
Kappa statistic                          0.844 
Mean absolute error                      0.0126
Root mean squared error                  0.1013
Relative absolute error                 17.0429 %
Root relative squared error             52.6824 %
Total Number of Instances            20000     

Confusion Matrix
   a   b   c   d   e   f   g   h   i   j   k   l   m   n   o   p   q   r   s   t   u   v   w   x   y   z   <-- classified as
 648   2   5   0  19   5  10   0   2   0  11   1   1  20   7   4   0   1   0  20   4  14   3   2   8   9 |   a = T
   1 636  10   1   0  13   2   1   6   1  14   0   1  15   4   0   0   3  13   5   0   7   4   0   4  14 |   b = I
   2   0 700  11   1   8  13   3   5   2   9  10  11   5   2  10   0   0   5   0   0   0   1   4   2   1 |   c = D
   0   0  17 684   0   0   4   6   2  11   2   7   7   0   2  20   8   0   3   1   0   3   0   3   3   0 |   d = N
   0   7  14   2 583   2   7   6   1   2  13  15  13   3  10  11   4   2   4  29   0   0  33   0   9   3 |   e = G
   5  10   8   2   2 585  19  10   4   0  12   3   6  15   2   5   0  11   2  10   4   2   5   0   1  25 |   f = S
   0   0  21   0   7  19 662   0   1   0   6   1  14   2   0   7   3   0   2   4   0   5   0   3   6   3 |   g = B
   0   0   8   3   4   2   5 704   2   1   3   3   3   2   1   0   3   3  10   0   3   7   4   6   4   8 |   h = A
   3  18  10   1   0  20   2   3 610   2  11   2   3  13   1   8   1   2   9   3   0   2   5   1   2  15 |   i = J
   0   0   1   9   7   0   7   0   0 724   2   2   4   0   1   6  14   0   1   2   0   0   1   8   3   0 |   j = M
   1   5  12   0   0   5   6   0   2   0 712   0   2   1   0   0   0   0   0   7   0   4   1   0  22   7 |   k = X
   0   2  21   4   6   0   0   6   3   2   1 613  13   0  10   7  11   3   4   0   3   0  34   6   1   3 |   l = O
   0   0   9  12   9   4  30   3   2   1   6   3 629   1   0  20   2   1   0   7   0   2   5   0  12   0 |   m = R
  13  16   5   2   5   8  22   0   3   0   3   0   1 616   1   0   4   1  41  20   1   3   5   0   1   4 |   n = F
   0   0   0   2  36   7   0   1   1   2  10  13   1   2 586   2   6   0   0  32   1   0  12   8  12   2 |   o = C
   0   0  27   8   6   1  14   4   0   0   2  12  35   7   2 529   6   0   7   4   1  11   6  11  37   4 |   p = H
   0   0   0   3   5   0   6   1   0   8   0   5   3   1   0   0 706   0   0   0   3   1   4   4   2   0 |   q = W
   0   4   1   4  11  12  13   1   1   0  20   1   7   0   4   8   3 637   0  23   1   2   3   0   5   0 |   r = L
   0   3   5   1   9   0  10   1   1   0   0   3   8  22   1   0   0   0 722   5   1   3   7   0   1   0 |   s = P
   1   1   2   0  18  16  11   0   1   0  20   0   0   6   9   2   0   0   0 633   1   1  13   0  16  17 |   t = E
   2   0   3   3   6   0  10   1   1   2   1   3   4   1   1   9  15   0   2   3 680  14   1   0   2   0 |   u = V
  19   1   4   0   0   0   0   0   1   1   6   0   0  14   0   1   2   0  10   0  15 701   5   4   2   0 |   v = Y
   0   2   5   0  18  10   6   4   0   0   3  13   5   1   1   1   4   8   2   6   2   3 672   2   1  14 |   w = Q
   1   0   0   7   2   0   1   2   0   8   1   5   2   0  10   8  12   1   1   0   5   3   2 735   7   0 |   x = U
   0   0   1   7   6   3   9   0   1   4  21   0  23   0   0  17   4   0   1   5   0   0   1   3 632   1 |   y = K
   2   0   4   0   1  24   0   0   3   0   5   0   4   3   0   0   0   3   2   9   0   2  10   0   0 662 |   z = Z

-----------------------------------------------------------------------------
||                                  Result                                 ||
-----------------------------------------------------------------------------
|| ANN || Neurons: 27 Layers: 2 Epochs: 1600 Learning Rate: 3.25 Momentum: 2.0

Correctly Classified Instances       17086               85.43   %
Incorrectly Classified Instances      2914               14.57   %
Kappa statistic                          0.8485
Mean absolute error                      0.0121
Root mean squared error                  0.1   
Relative absolute error                 16.3221 %
Root relative squared error             51.9816 %
Total Number of Instances            20000     

Confusion Matrix
   a   b   c   d   e   f   g   h   i   j   k   l   m   n   o   p   q   r   s   t   u   v   w   x   y   z   <-- classified as
 638   1   8   0  10   5  11   1   2   0  13   2   2  24   0  17   0   0   0  14   4  15   8   4   8   9 |   a = T
   3 637   7   2   0  19   2   0   4   0   9   1   0  23   3   0   0  15   8   5   0   2   4   0   2   9 |   b = I
   1   0 700  11   0   4  15   2   1   2   6  14  11   4   0  20   0   0   3   3   0   2   0   3   3   0 |   c = D
   0   0  21 693   1   0   6   2   2  12   0   9   6   4   0  10   6   0   2   0   2   0   0   4   3   0 |   d = N
   0   0  10   1 638   9  13   7   1   0   8   9   4   7  12   5   2   2   7   8   4   2  17   0   5   2 |   e = G
   0   2   7   0   2 602  22   5   6   0  13   4   8  11   1   1   0   9   3  14   1   2   6   0   3  26 |   f = S
   0   1  16   4   3  14 666   1   0   0   4   1  28   1   0   4   0   0   2   9   1   4   4   1   2   0 |   g = B
   1   1   6   8   2   4   3 706   3   6   2   4   5   2   1   2   0   3   2   0   2   8   2   5   5   6 |   h = A
   4  23   7   4   0  14   4   4 607   0  13   4   3  15   0   4   0   1   5   3   0   4   5   2   1  20 |   i = J
   0   0   1  14  14   1   7   2   2 722   0   4   2   1   0   4   7   0   1   2   0   0   0   5   2   1 |   j = M
   1   4   6   0   3   8   3   0   0   0 710   2   4   3   1   3   0   0   0   9   0   6   4   3  15   2 |   k = X
   0   2  12   5   4   1   6   8   1   6   3 624  15   0   2  10   8   3   7   0   5   1  23   7   0   0 |   l = O
   0   0  13   7   7   0  38   5   0   3   0   4 641   2   0  17   0   1   1   0   0   1   3   0  14   1 |   m = R
  14   8   1   3   6  11  15   0   1   0   3   1   4 642   1   1   3   0  24  14   4   5   3   1   2   8 |   n = F
   0   3   1   2  31   6   2   0   0   0   4  12   2   5 603   9   0   3   0  21   1   1   8  11  11   0 |   o = C
   0   1  23   9  10   2  22   4   3   1   2  13  35   5   0 535   0   1   7   5   3   6   7   4  33   3 |   p = H
   0   0   1  15   5   0  12   4   0   9   0   5   6   1   1   1 673   0   1   0   3   2   3   6   4   0 |   q = W
   0   1   1   3  13  12  13   2   1   1  15   3  15   1   1   7   0 644   0  14   0   0   6   2   4   2 |   r = L
   1   1   8   2  10   2   6   1   2   0   1   7   4  34   1   5   1   0 704   1   2   4   6   0   0   0 |   s = P
   3   0   0   0  23   9  13   0   1   0  10   1   7   5  14   6   0   1   0 637   1   0  20   0   4  13 |   t = E
   0   0   1   9   8   2  13   2   0   2   2   2   5   1   2   5  10   0   1   1 666  27   4   0   1   0 |   u = V
  16   2   0   0   0   2   0   2   1   1   4   0   0   7   0   0   4   0   6   0  13 716   5   3   1   3 |   v = Y
   0   2   7   0  21   8   8  10   2   0   4  21   4   3   3   1   1   3   1  21   3   6 649   1   1   3 |   w = Q
   1   0   2  12   5   0   1   2   0  13   1   1   1   0   2  11   5   1   0   1   1   4   3 744   2   0 |   x = U
   0   0   6   6   6   1   8   4   0   3  19   0  26   0   6  21   0   4   0   9   1   0   2   0 617   0 |   y = K
   3   5   7   0   2  12   0   1   2   0   5   0   1   1   0   0   0   2   2  10   0   3   6   0   0 672 |   z = Z

-----------------------------------------------------------------------------
||                                  Result                                 ||
-----------------------------------------------------------------------------
|| ANN || Neurons: 27 Layers: 2 Epochs: 200 Learning Rate: 3.25 Momentum: 1.0

Correctly Classified Instances         813                4.065  %
Incorrectly Classified Instances     19187               95.935  %
Kappa statistic                          0     
Mean absolute error                      0.074 
Root mean squared error                  0.1923
Relative absolute error                100      %
Root relative squared error            100      %
Total Number of Instances            20000     

Confusion Matrix
   a   b   c   d   e   f   g   h   i   j   k   l   m   n   o   p   q   r   s   t   u   v   w   x   y   z   <-- classified as
   0   0   0   0   0   0   0   0   0   0   0   0   0   0   0   0   0   0   0   0   0   0   0 796   0   0 |   a = T
   0   0   0   0   0   0   0   0   0   0   0   0   0   0   0   0   0   0   0   0   0   0   0 755   0   0 |   b = I
   0   0   0   0   0   0   0   0   0   0   0   0   0   0   0   0   0   0   0   0   0   0   0 805   0   0 |   c = D
   0   0   0   0   0   0   0   0   0   0   0   0   0   0   0   0   0   0   0   0   0   0   0 783   0   0 |   d = N
   0   0   0   0   0   0   0   0   0   0   0   0   0   0   0   0   0   0   0   0   0   0   0 773   0   0 |   e = G
   0   0   0   0   0   0   0   0   0   0   0   0   0   0   0   0   0   0   0   0   0   0   0 748   0   0 |   f = S
   0   0   0   0   0   0   0   0   0   0   0   0   0   0   0   0   0   0   0   0   0   0   0 766   0   0 |   g = B
   0   0   0   0   0   0   0   0   0   0   0   0   0   0   0   0   0   0   0   0   0   0   0 789   0   0 |   h = A
   0   0   0   0   0   0   0   0   0   0   0   0   0   0   0   0   0   0   0   0   0   0   0 747   0   0 |   i = J
   0   0   0   0   0   0   0   0   0   0   0   0   0   0   0   0   0   0   0   0   0   0   0 792   0   0 |   j = M
   0   0   0   0   0   0   0   0   0   0   0   0   0   0   0   0   0   0   0   0   0   0   0 787   0   0 |   k = X
   0   0   0   0   0   0   0   0   0   0   0   0   0   0   0   0   0   0   0   0   0   0   0 753   0   0 |   l = O
   0   0   0   0   0   0   0   0   0   0   0   0   0   0   0   0   0   0   0   0   0   0   0 758   0   0 |   m = R
   0   0   0   0   0   0   0   0   0   0   0   0   0   0   0   0   0   0   0   0   0   0   0 775   0   0 |   n = F
   0   0   0   0   0   0   0   0   0   0   0   0   0   0   0   0   0   0   0   0   0   0   0 736   0   0 |   o = C
   0   0   0   0   0   0   0   0   0   0   0   0   0   0   0   0   0   0   0   0   0   0   0 734   0   0 |   p = H
   0   0   0   0   0   0   0   0   0   0   0   0   0   0   0   0   0   0   0   0   0   0   0 752   0   0 |   q = W
   0   0   0   0   0   0   0   0   0   0   0   0   0   0   0   0   0   0   0   0   0   0   0 761   0   0 |   r = L
   0   0   0   0   0   0   0   0   0   0   0   0   0   0   0   0   0   0   0   0   0   0   0 803   0   0 |   s = P
   0   0   0   0   0   0   0   0   0   0   0   0   0   0   0   0   0   0   0   0   0   0   0 768   0   0 |   t = E
   0   0   0   0   0   0   0   0   0   0   0   0   0   0   0   0   0   0   0   0   0   0   0 764   0   0 |   u = V
   0   0   0   0   0   0   0   0   0   0   0   0   0   0   0   0   0   0   0   0   0   0   0 786   0   0 |   v = Y
   0   0   0   0   0   0   0   0   0   0   0   0   0   0   0   0   0   0   0   0   0   0   0 783   0   0 |   w = Q
   0   0   0   0   0   0   0   0   0   0   0   0   0   0   0   0   0   0   0   0   0   0   0 813   0   0 |   x = U
   0   0   0   0   0   0   0   0   0   0   0   0   0   0   0   0   0   0   0   0   0   0   0 739   0   0 |   y = K
   0   0   0   0   0   0   0   0   0   0   0   0   0   0   0   0   0   0   0   0   0   0   0 734   0   0 |   z = Z

-----------------------------------------------------------------------------
||                                  Result                                 ||
-----------------------------------------------------------------------------
|| ANN || Neurons: 28 Layers: 2 Epochs: 200 Learning Rate: 2.0 Momentum: 1.0

Correctly Classified Instances         813                4.065  %
Incorrectly Classified Instances     19187               95.935  %
Kappa statistic                          0     
Mean absolute error                      0.074 
Root mean squared error                  0.1923
Relative absolute error                100      %
Root relative squared error            100      %
Total Number of Instances            20000     

Confusion Matrix
   a   b   c   d   e   f   g   h   i   j   k   l   m   n   o   p   q   r   s   t   u   v   w   x   y   z   <-- classified as
   0   0   0   0   0   0   0   0   0   0   0   0   0   0   0   0   0   0   0   0   0   0   0 796   0   0 |   a = T
   0   0   0   0   0   0   0   0   0   0   0   0   0   0   0   0   0   0   0   0   0   0   0 755   0   0 |   b = I
   0   0   0   0   0   0   0   0   0   0   0   0   0   0   0   0   0   0   0   0   0   0   0 805   0   0 |   c = D
   0   0   0   0   0   0   0   0   0   0   0   0   0   0   0   0   0   0   0   0   0   0   0 783   0   0 |   d = N
   0   0   0   0   0   0   0   0   0   0   0   0   0   0   0   0   0   0   0   0   0   0   0 773   0   0 |   e = G
   0   0   0   0   0   0   0   0   0   0   0   0   0   0   0   0   0   0   0   0   0   0   0 748   0   0 |   f = S
   0   0   0   0   0   0   0   0   0   0   0   0   0   0   0   0   0   0   0   0   0   0   0 766   0   0 |   g = B
   0   0   0   0   0   0   0   0   0   0   0   0   0   0   0   0   0   0   0   0   0   0   0 789   0   0 |   h = A
   0   0   0   0   0   0   0   0   0   0   0   0   0   0   0   0   0   0   0   0   0   0   0 747   0   0 |   i = J
   0   0   0   0   0   0   0   0   0   0   0   0   0   0   0   0   0   0   0   0   0   0   0 792   0   0 |   j = M
   0   0   0   0   0   0   0   0   0   0   0   0   0   0   0   0   0   0   0   0   0   0   0 787   0   0 |   k = X
   0   0   0   0   0   0   0   0   0   0   0   0   0   0   0   0   0   0   0   0   0   0   0 753   0   0 |   l = O
   0   0   0   0   0   0   0   0   0   0   0   0   0   0   0   0   0   0   0   0   0   0   0 758   0   0 |   m = R
   0   0   0   0   0   0   0   0   0   0   0   0   0   0   0   0   0   0   0   0   0   0   0 775   0   0 |   n = F
   0   0   0   0   0   0   0   0   0   0   0   0   0   0   0   0   0   0   0   0   0   0   0 736   0   0 |   o = C
   0   0   0   0   0   0   0   0   0   0   0   0   0   0   0   0   0   0   0   0   0   0   0 734   0   0 |   p = H
   0   0   0   0   0   0   0   0   0   0   0   0   0   0   0   0   0   0   0   0   0   0   0 752   0   0 |   q = W
   0   0   0   0   0   0   0   0   0   0   0   0   0   0   0   0   0   0   0   0   0   0   0 761   0   0 |   r = L
   0   0   0   0   0   0   0   0   0   0   0   0   0   0   0   0   0   0   0   0   0   0   0 803   0   0 |   s = P
   0   0   0   0   0   0   0   0   0   0   0   0   0   0   0   0   0   0   0   0   0   0   0 768   0   0 |   t = E
   0   0   0   0   0   0   0   0   0   0   0   0   0   0   0   0   0   0   0   0   0   0   0 764   0   0 |   u = V
   0   0   0   0   0   0   0   0   0   0   0   0   0   0   0   0   0   0   0   0   0   0   0 786   0   0 |   v = Y
   0   0   0   0   0   0   0   0   0   0   0   0   0   0   0   0   0   0   0   0   0   0   0 783   0   0 |   w = Q
   0   0   0   0   0   0   0   0   0   0   0   0   0   0   0   0   0   0   0   0   0   0   0 813   0   0 |   x = U
   0   0   0   0   0   0   0   0   0   0   0   0   0   0   0   0   0   0   0   0   0   0   0 739   0   0 |   y = K
   0   0   0   0   0   0   0   0   0   0   0   0   0   0   0   0   0   0   0   0   0   0   0 734   0   0 |   z = Z

-----------------------------------------------------------------------------
||                                  Result                                 ||
-----------------------------------------------------------------------------
|| ANN || Neurons: 28 Layers: 2 Epochs: 200 Learning Rate: 3.0 Momentum: 2.25

Correctly Classified Instances       17342               86.71   %
Incorrectly Classified Instances      2658               13.29   %
Kappa statistic                          0.8618
Mean absolute error                      0.012 
Root mean squared error                  0.0933
Relative absolute error                 16.2319 %
Root relative squared error             48.5396 %
Total Number of Instances            20000     

Confusion Matrix
   a   b   c   d   e   f   g   h   i   j   k   l   m   n   o   p   q   r   s   t   u   v   w   x   y   z   <-- classified as
 654   2   5   0  13  12   7   0   0   0   7   0   7   3   1  17   0   4   0  15   6  16   4   3   7  13 |   a = T
   2 664  10   1   1   9   7   1   7   0  12   0   2  10   2   0   0   2   9   2   0   2   4   0   1   7 |   b = I
   1   1 732   8   1   3  15   0   2   2   2   7   7   0   0  15   0   1   1   0   0   1   0   5   0   1 |   c = D
   0   0  18 703   1   0   3   2   2   9   0   9  13   1   0  10   3   0   2   0   2   3   0   2   0   0 |   d = N
   0   3  11   1 605  10  11   8   7   2   5   9  20   1   8   5   2   3   2  11   1   5  23   2  10   8 |   e = G
   3   6   6   0   0 617  25   2   4   0   7   2  10   4   3   1   0   8   1  24   0   6   3   2   2  12 |   f = S
   0   1  21   1   2   5 674   0   3   0   2   0  27   3   0   4   0   2   3   8   0   4   2   1   3   0 |   g = B
   0   2   9   8   1   3   4 709   2   6   0   1   5   5   2   1   2   6   3   0   1   9   0   5   3   2 |   h = A
   5  18  14   2   0   7   2   0 617   0  16   7   2  18   0   5   0   2   5   9   1   2   4   0   2   9 |   i = J
   0   0   0   9   5   1   9   1   0 744   0   4   4   0   0   5   5   0   0   0   0   0   0   3   2   0 |   j = M
   1   8   8   0   0   1   4   0   1   0 729   0   0   2   0   3   0   0   0   5   0   5   3   2  12   3 |   k = X
   0   0  13   2   7   3   3   3   2   2   1 648   4   1   2   9  12   2   6   0   0   0  26   5   1   1 |   l = O
   0   0  16  11   4   0  31   2   0   1   5   5 655   0   0   7   0   2   0   3   0   0   2   0  14   0 |   m = R
  14  15   9   2   5   8  13   0   3   0   5   0   4 642   2   3   2   0  13  19   0   6   1   0   6   3 |   n = F
   0   0   1   1  30   3   1   0   1   7   5  13   0   1 580   9   0   4   0  40   0   0   3  15  22   0 |   o = C
   0   0  25  13   4   1  24   4   4   4   5   6  26   3   0 557   1   0   7   2   2   9   1   6  30   0 |   p = H
   0   0   2   5   3   0   6   1   0   9   0  11  10   0   0   3 676   0   1   1   5   0   5  11   3   0 |   q = W
   1   0   2   2  13   4   8   1   1   1  16   1  13   1   0   7   0 648   0  25   0   2   1   3   7   4 |   r = L
   0   1   5   1   6   0  11   1   2   0   1   5   5  21   0   2   1   0 724   6   1   2   2   0   4   2 |   s = P
   0   2   1   0   8   6   7   0   1   0  12   0   3   2   2   0   0   1   0 696   0   0   7   0   8  12 |   t = E
   1   0   1   4   4   0  18   0   0   1   0   4   3   2   0   5   9   0   4   3 683   9   8   5   0   0 |   u = V
   5   1   2   3   0   5   2   0   1   1   2   0   0   8   0   0   2   0   5   1  30 703   5   9   1   0 |   v = Y
   0   2   3   1  11  10   9   7   5   3   1  18   7   0   0   0   3  23   1   8   0   1 641   3   8  18 |   w = Q
   0   0   2   7   0   1   2   1   1  14   0   3   2   0   4   7   7   1   0   0   0   1   0 759   1   0 |   x = U
   1   0   3   3   3   0   7   2   0   1  25   0  25   0   2  12   0   2   0  13   0   0   0   0 639   1 |   y = K
   3   5   2   0   0  34   2   3   8   0   2   0   3   3   0   0   0   6   0  11   0   0   9   0   0 643 |   z = Z

-----------------------------------------------------------------------------
||                                  Result                                 ||
-----------------------------------------------------------------------------
|| ANN || Neurons: 32 Layers: 2 Epochs: 200 Learning Rate: 1.75 Momentum: 2.75

Correctly Classified Instances       17534               87.67   %
Incorrectly Classified Instances      2466               12.33   %
Kappa statistic                          0.8718
Mean absolute error                      0.011 
Root mean squared error                  0.0899
Relative absolute error                 14.8513 %
Root relative squared error             46.7679 %
Total Number of Instances            20000     

Confusion Matrix
   a   b   c   d   e   f   g   h   i   j   k   l   m   n   o   p   q   r   s   t   u   v   w   x   y   z   <-- classified as
 650   0   4   3  15   5   6   0   0   1   8   3   7  15   1   8   0   4   0  16   1  18   3   6   4  18 |   a = T
   0 677   4   0   2   9   4   0  16   0  10   1   3   8   2   0   0   0   3   5   0   1   5   1   1   3 |   b = I
   0   1 707   6   0   5  11   4   3   4   5   8  19   0   0  19   0   0   3   0   0   1   0   6   3   0 |   c = D
   1   0   8 698   0   2   4   3   1   7   0  14  19   2   0   8   4   0   0   0   2   2   0   5   3   0 |   d = N
   0   3  12   1 637  11   3  12   6   1   7   7   3   4  15   2   1   4   1   9   5   3  16   1   6   3 |   e = G
   0   3   5   0   0 647  11   3  10   0   7   0   3   4   2   0   0   8   0  24   2   3   6   0   3   7 |   f = S
   0   4   9   2   4  16 674   0   0   0   3   0  28   2   0   1   0   0   3   7   0   5   2   0   4   2 |   g = B
   1   1   2   5   1   1   3 721   6   3   0   0   3   0   2   0   1   1   4   0   3  13   1  12   2   3 |   h = A
   0  15   3   3   0   5   3   6 644   1   7   4   3  17   2   3   0   1   3   5   1   0   3   2   1  15 |   i = J
   0   0   0   4  14   1   6   2   0 742   0   1   2   1   1   3   6   0   0   0   1   1   4   2   1   0 |   j = M
   3   5  10   0   2   5   1   1   5   0 722   1   1   0   0   3   0   0   0   6   0   4   2   1  14   1 |   k = X
   0   0   8   3  12   0   3  15   4   4   5 616   9   0   2   6  16   3   2   1   9   0  25   8   2   0 |   l = O
   0   0   8   8   4   5  14   2   0   0   4   0 684   1   2   8   1   4   1   0   0   1   2   1   8   0 |   m = R
  13  11   1   2   7  14  14   0   3   0   5   0   3 636   1   0   3   0  25  23   0   8   3   0   0   3 |   n = F
   1   1   0   3  24   4   0   1   1   2   6  12   5   2 621   4   2   3   0  20   0   0   3  10  11   0 |   o = C
   1   2  20  10   6   1  14   6   4   1   6   4  32   5   1 557   0   0   6   3   6   9   9   5  25   1 |   p = H
   0   1   0   7   7   0   6   8   0   4   0   1   6   0   0   4 687   0   0   0   7   0   1   7   6   0 |   q = W
   0   0   0   1  17   9   6   0   2   1  12   2   6   2   8   2   0 664   0  17   1   0   6   1   2   2 |   r = L
   0   5   0   0  12   2   6   1   0   0   0   3   5  25   2   2   1   0 721   4   2   4   7   0   1   0 |   s = P
   0   0   0   0  24  11   2   0   0   0   5   0   2   0   6   1   0   3   0 689   0   2   9   0   4  10 |   t = E
   0   0   3   2   7   1  13   0   0   1   0   1   6   0   0   3   4   1   0   4 709   8   1   0   0   0 |   u = V
  23   0   0   1   0   0   1   1   0   2   3   0   0   8   0   0   0   0   6   0   8 721   7   4   0   1 |   v = Y
   0   3  10   0   8  11   2  16   4   0   7  12   4   1   2   0   2   0   1  11   0   5 653   0   4  27 |   w = Q
   0   1   2   7   2   0   0   6   0  13   0   3   2   2   5   6   5   0   0   0   5   2   1 747   4   0 |   x = U
   0   0   4   5   3   1   2   5   0   1  16   0  26   1   3  12   0   1   0   3   0   0   0   1 654   1 |   y = K
   1   1   7   0   0  16   4   7  11   1   9   0   1   1   0   0   0   8   0   8   0   2   1   0   0 656 |   z = Z

-----------------------------------------------------------------------------
||                                  Result                                 ||
-----------------------------------------------------------------------------
|| ANN || Neurons: 37 Layers: 2 Epochs: 200 Learning Rate: 2.5 Momentum: 1.75

Correctly Classified Instances       17675               88.375  %
Incorrectly Classified Instances      2325               11.625  %
Kappa statistic                          0.8791
Mean absolute error                      0.0104
Root mean squared error                  0.088 
Relative absolute error                 14.1033 %
Root relative squared error             45.7563 %
Total Number of Instances            20000     

Confusion Matrix
   a   b   c   d   e   f   g   h   i   j   k   l   m   n   o   p   q   r   s   t   u   v   w   x   y   z   <-- classified as
 669   0   8   1   4   5   3   0   0   0  10   1   9   5   0  12   1   6   2  25   2  13   5   3   4   8 |   a = T
   0 657   8   0   1  19   2   1  22   0  10   1   0   9   4   0   0   2  12   2   0   3   0   0   2   0 |   b = I
   0   1 735   6   0   3   6   5   4   0   3   9   5   2   0  12   1   0   3   1   0   0   0   7   2   0 |   c = D
   0   0  16 711   1   0   1   1   1   5   0  11  12   4   0   6   5   0   1   0   0   2   2   3   1   0 |   d = N
   0   7   5   3 636  10   7   4   7   1   2   3   7   4   7   2  12  10   3   6   1   1  16   5  11   3 |   e = G
   4  10   5   0   0 671   6   1   4   0   0   4   3   7   0   0   0   2   2  13   0   2   3   1   2   8 |   f = S
   0   0  13   3   5  11 688   0   1   0   3   0  19   0   0   5   1   2   0   7   0   3   1   0   4   0 |   g = B
   0   0   3   8   1   7   5 713   2   6   2   0   1   1   3   4   1   3   7   0   2  11   2   2   2   3 |   h = A
   0  15   4   1   0  13   3   3 681   1   5   1   1   5   0   3   0   1   1   3   0   3   0   0   0   3 |   i = J
   0   0   1   5  10   0   9   2   0 743   0   1   4   2   0   1  10   0   0   1   1   0   0   2   0   0 |   j = M
   1   1   7   0   1   4   2   0   2   0 733   0   3   2   0   0   0   0   0   5   0   4   2   2  15   3 |   k = X
   0   0   8   8  10   2   3   5   4   5   0 649   9   2   0   4  13   0   1   0   3   0  11  14   2   0 |   l = O
   0   0  16  11   3   0  12   1   1   1   3   6 660   0   0   6   1   2   0   0   0   0   6   2  27   0 |   m = R
  11   5   8   2   2  16   6   1  10   0   3   1   1 659   0   6   0   0  15  19   1   5   2   0   0   2 |   n = F
   0   0   0   2  29   0   0   0   1   3   2  19   5   0 588   5   4   4   0  27   1   1   5  12  28   0 |   o = C
   0   0  20   7   7   2  16   5   8   2   5   8  30   7   0 563   5   2   2   2   3   6   6   3  25   0 |   p = H
   0   0   1   9   4   0   4   0   0   6   0   3  12   0   0   1 700   0   0   1   0   1   1   7   2   0 |   q = W
   2   1   0   7   9  14   4   0   2   0  12   1   6   1   1   8   1 656   0  22   0   2   2   2   8   0 |   r = L
   1   0   5   1  14   1   3   0   0   0   0   0   2  25   5   1   2   1 722   6   1   4   8   0   1   0 |   s = P
   0   2   0   0  15   9   8   0   2   0   3   0   6   3   6   2   0   0   0 678   0   2   8   0  10  14 |   t = E
   0   0   0   5   8   0  16   2   0   2   0   3   5   1   0   6  18   0   4   3 681   7   0   2   1   0 |   u = V
  13   0   1   0   0   2   1   0   2   2   2   0   0   0   0   0   1   0   1   0   7 749   4   1   0   0 |   v = Y
   0   4   8   0  10  15  11  10   2   0   2  17   6   3   0   0   0  13   1  16   1   2 622   1   8  31 |   w = Q
   0   0   1   5   3   0   0   2   0  11   0   3   1   0   2   2   5   1   0   0   1   3   0 771   2   0 |   x = U
   0   1   4   0   6   0   1   2   0   0  12   1  16   2   1   8   0   2   0   3   0   0   0   2 678   0 |   y = K
   3   0   1   0   0  13   3   2  20   0   5   0   2   7   0   0   0   6   0   9   0   1   0   0   0 662 |   z = Z

-----------------------------------------------------------------------------
