||                                  Result                                 ||
-----------------------------------------------------------------------------
|| ANN || Neurons: 36 Layers: 2 Epochs: 200 Learning Rate: 2.5 Momentum: 2.75

Correctly Classified Instances       17747               88.735  %
Incorrectly Classified Instances      2253               11.265  %
Kappa statistic                          0.8828
Mean absolute error                      0.0101
Root mean squared error                  0.0863
Relative absolute error                 13.6311 %
Root relative squared error             44.8939 %
Total Number of Instances            20000     

Confusion Matrix
   a   b   c   d   e   f   g   h   i   j   k   l   m   n   o   p   q   r   s   t   u   v   w   x   y   z   <-- classified as
 657   0  11   0  14   6  17   1   0   0  11   2   4  12   5   6   0   2   0  13   1  12   6   2   3  11 |   a = T
   0 689   6   0   0   4   3   3   2   0  14   0   1  19   1   0   0   0   2   0   0   2   2   0   0   7 |   b = I
   0   0 743   6   0   1   7   1   1   2   1   2  11   1   0  15   0   1   3   0   0   1   0   8   1   0 |   c = D
   0   0   7 724   1   0   0   3   0   6   0  14  12   1   0   8   0   0   1   0   1   1   0   3   1   0 |   d = N
   0   1   8   3 644   7   5   9   1   2   7   7   9   3   9   3   4   1   0  17   8  10   4   1   9   1 |   e = G
   4   1   8   0   0 677   8   1   0   0   4   1   5  12   1   0   0   2   0  11   0   2   2   0   0   9 |   f = S
   0   2  11   0   4   4 715   0   0   0   4   0  13   2   0   1   0   0   1   5   0   1   0   0   2   1 |   g = B
   0   0   1   1   2   6   3 742   2   1   0   3   0   2   1   0   0   2   0   2   0  14   2   4   1   0 |   h = A
   1  24   6   5   1  14   5   5 581   0  23   8   2  27   0   6   0   3  10   1   1   2   4   1   0  17 |   i = J
   0   0   1   8   6   0  10   1   0 745   0   2   3   0   3   6   2   0   0   1   1   0   0   3   0   0 |   j = M
   0   1   5   0   1   0   3   0   1   0 745   1   4   1   1   0   0   0   1   7   1   2   1   1   9   2 |   k = X
   0   2  18   3  12   5   1   8   0   6   2 636  10   0   2   4  16   0   2   0   5   0  14   7   0   0 |   l = O
   0   0  11  10   5   0  19   3   0   2   2   2 681   0   0  10   0   1   1   3   0   0   1   0   6   1 |   m = R
   7   7   6   0   3   3  14   1   1   0   2   0   3 682   1   1   2   0  19  13   2   5   0   0   1   2 |   n = F
   0   0   0   1  30   1   0   3   0   3   3  14   5   1 619   4   0   3   0  25   0   1   5   7  11   0 |   o = C
   0   1  15  10   9   0  24   5   1   2   4  12  35   7   0 558   0   0   8   3   1   5   4   4  25   1 |   p = H
   0   0   0   7   6   0   4   2   0  13   0   1   5   0   0   4 682   0   1   8   9   0   1   8   1   0 |   q = W
   0   1   2   0  10  12   4  10   0   0  14   1   8   6   3   6   0 648   0  23   0   0   4   5   3   1 |   r = L
   0   2   2   0   5   4   8   0   1   0   0   0   4  21   2   0   0   0 730  12   1   4   7   0   0   0 |   s = P
   0   0   0   0   9   5   2   0   0   0   5   0   1   3  11   1   0   0   0 710   0   2   8   0   3   8 |   t = E
   0   0   1   2  11   0  19   6   0   2   0   0   4   2   1   4   9   0   2   3 687   7   1   3   0   0 |   u = V
   8   0   0   0   1   2   0   0   0   2   3   0   1   5   0   2   2   0   5   0  11 741   2   1   0   0 |   v = Y
   0   7   7   0  16  12   3   8   0   0   9   6   8   2   1   0   0  22   0  12   0   4 626   3   6  31 |   w = Q
   0   0   1   3   1   0   1   9   0  16   0   3   4   0   0   3   3   0   0   1   1   2   2 761   2   0 |   x = U
   0   0   2   1   2   0   5   8   0   1  12   0  24   3   0  10   0   0   0   4   0   0   0   2 665   0 |   y = K
   0   7   3   5   1  14   0   5   1   0   4   0   6   9   0   0   0   4   0   9   1   2   4   0   0 659 |   z = Z

-----------------------------------------------------------------------------
||                                  Result                                 ||
-----------------------------------------------------------------------------
|| ANN || Neurons: 16 Layers: 1 Epochs: 1000 Learning Rate: 3.0 Momentum: 2.75

Correctly Classified Instances       15811               79.055  %
Incorrectly Classified Instances      4189               20.945  %
Kappa statistic                          0.7821
Mean absolute error                      0.018 
Root mean squared error                  0.1184
Relative absolute error                 24.3698 %
Root relative squared error             61.5471 %
Total Number of Instances            20000     

Confusion Matrix
   a   b   c   d   e   f   g   h   i   j   k   l   m   n   o   p   q   r   s   t   u   v   w   x   y   z   <-- classified as
 652   1  13   0   8   4   8   1   1   0  11   2   3   8   2   0   0   0   2  18   1  18  12   0  15  16 |   a = T
   3 609  16   0   1  21  17   5   7   0  22   6   0   5   3   0   0   1  16   3   0   2   5   0   0  13 |   b = I
   0   0 701   2   1   3  13   2   0  10  10  18  26   1   0   5   0   1   4   0   0   1   0   4   3   0 |   c = D
   0   0  28 635   1   0   1   6   3  17   0  21  11   0   1   8  13   1  10   0   1   2   0  10  14   0 |   d = N
   0   1  16   0 562   8   7   9   0   1  15  10   8   1  13   0   1   3  15   8   1   8  43   1  39   3 |   e = G
   4   7  10   0   9 508  36  16   4   0  34   9  10   8   7   1   0   7   5  13   0  16  11   1   8  24 |   f = S
   0   0  43   0   1  18 554   1   0   2  20   7  52   3   0   1   0   1   5  19   0   1  17   0  15   6 |   g = B
   0   0   6   0   0  13   3 706   1   8   6   2   3   0   1   2   6   2   1   0   0  10   4   9   6   0 |   h = A
   2  13   9   1   0  15  15  12 575   1  18   6   2  18   1   0   0   1  18   3   0   9   4   0   1  23 |   i = J
   0   0   3  12   2   0   1   2   0 724   0   3   8   1   1   3  10   1   2   3   0   0   4   7   5   0 |   j = M
   3   5  13   0   6  18   6   0   2   0 625   1   3   1   0   1   0   7   4   8   0  11  42   6  22   3 |   k = X
   0   0  26   2   9   0   2  10   1   8   5 597  18   0   3   4   8   0  17   2   4   0  30   4   3   0 |   l = O
   0   0  24   1  15   0  18   4   2   8   7   7 591   0   0   6   0   1   8   6   1   1  11   1  46   0 |   m = R
  12   8  22   2   1  11  18   1   0   0  16   1   8 584   1   0   6   0  41  11   2   8   3   0   6  13 |   n = F
   4   1   3   0  21   6   1   0   0   1   9  16   0   3 567   2   2   3   3  19   2   1  19   9  44   0 |   o = C
   0   0  76   8  24   0   6   6   5  13  16  43  51   8   3 280   0   3  10   8  15  13  14  36  94   2 |   p = H
   0   0   4   6   2   0   1   1   0  26   0   3  17   0   0   3 659   0   5   3   0   0  11   4   7   0 |   q = W
   0   6   0   0  19   7  16   3   4   1  26   0   7   0   2   2   2 597   7  18   1   5   6   2  18  12 |   r = L
   0   1   5   4  10   2  12   0   0   1   0   4   6  38   1   0   0   1 693   0   2   8   9   0   6   0 |   s = P
   7   2   3   0  15  13   9   0   1   0  37   0   8   0   9   0   0   0   4 581   3   2  21   0  27  26 |   t = E
   2   0  10   0   3   0   7   0   0   4   2   4   2   0   1   1   9   0   7   3 664  17  17   6   5   0 |   u = V
  21   1   5   0   0   7   0   0   1   4  11   0   0  11   0   0   0   0  30   0  16 638  32   8   1   0 |   v = Y
   0   3   6   0  23   2   8   9   0   1  10  36   2   1   1   0   0  11   8  18   2   7 593   1  10  31 |   w = Q
   0   0   2   7   2   0   0   3   2  24   2  24   2   0   9   3   4   0   0   0   0   3  15 702   9   0 |   x = U
   0   0   5   4   4   0   4   0   1   5  31   4  33   0   2   9   0   3   1  10   1   1   8   7 606   0 |   y = K
   4   5   9   0   3  41   6   7   1   0   8   0   1   3   0   0   0   3   5  17   0   4   8   0   1 608 |   z = Z

-----------------------------------------------------------------------------
||                                  Result                                 ||
-----------------------------------------------------------------------------
|| ANN || Neurons: 39 Layers: 2 Epochs: 400 Learning Rate: 2.5 Momentum: 1.5

Correctly Classified Instances       17841               89.205  %
Incorrectly Classified Instances      2159               10.795  %
Kappa statistic                          0.8877
Mean absolute error                      0.0093
Root mean squared error                  0.085 
Relative absolute error                 12.5444 %
Root relative squared error             44.1846 %
Total Number of Instances            20000     

Confusion Matrix
   a   b   c   d   e   f   g   h   i   j   k   l   m   n   o   p   q   r   s   t   u   v   w   x   y   z   <-- classified as
 656   0   2   0  13   6  11   0   0   0   6   0   4  20   3  17   1   3   0  18   2  15   1   2   8   8 |   a = T
   2 653  12   0   0  19   4   5   7   0  15   1   1  10   6   0   0   1   3   4   0   2   4   0   0   6 |   b = I
   0   1 736   2   0   3  10   1   0   3   3   6  11   1   0  15   0   2   5   0   0   1   0   3   0   2 |   c = D
   0   0  13 704   2   0   1   3   2   9   1  12   9   0   0   7   2   0   5   0   0   3   1   6   3   0 |   d = N
   1   1  11   1 654   6   7   0   4   1   6   8   3   6   8   4   4   6   5   5   5   4   8   5  10   0 |   e = G
   1   0   3   0   0 685   7   4   7   0   4   5   3   3   1   2   0   3   0   8   0   1   1   0   0  10 |   f = S
   0   0   9   0   2   7 706   1   0   0   3   2  13   1   0   2   0   0   1   8   2   5   0   1   2   1 |   g = B
   0   1   2   5   4   3   3 719   0   3   1   1   5   1   0   1   1   1   3   1   3   8   5   7   3   8 |   h = A
   0   5   1   1   0  14   5   2 654   0  13   5   1  11   0   7   0   2   2   4   0   1   0   4   0  15 |   i = J
   0   0   0   6  13   0   7   5   0 740   0   1   4   0   0   2   5   0   0   2   0   1   0   5   1   0 |   j = M
   0   0   3   0   1   2   3   0   0   0 744   2   1   0   0   2   0   0   0   8   0   2   1   0  18   0 |   k = X
   0   0   7   0   2   3   1   2   2   6   0 638  11   0   9  11  19   3   3   0   2   0  21  10   2   1 |   l = O
   0   0  12   4   1   2  21   0   3   0   2   4 678   2   1   8   1   2   0   1   0   0   4   0  12   0 |   m = R
   6   2   5   3   0  26   3   2   1   0   5   0   2 673   5   2   1   0  20  11   2   1   1   1   3   0 |   n = F
   0   1   0   1  17   2   1   1   3   1   3  11   3   2 625  10   3   2   0  37   0   1   2   3   6   1 |   o = C
   0   1  10   2   7   6  15   5   5   3   0   5  29   4   0 587   0   0   5   2   2  10   4   6  21   5 |   p = H
   0   0   0   1   5   0   3   1   0  10   0   0  11   0   0   4 700   0   3   2   1   2   4   5   0   0 |   q = W
   0   1   1   0  16  16   3   0   3   0   9   1  11   3   3   4   0 645   0  19   2   3   6   1  13   1 |   r = L
   1   1   1   0   8   3   4   1   1   0   0   2   1  19   2   1   3   0 732   8   2   4   9   0   0   0 |   s = P
   0   0   1   0  22   9  13   0   1   0   5   1   5   7   8   0   0   4   0 671   2   0   5   1   5   8 |   t = E
   2   0   0   1   9   0  13   3   0   1   0   1   7   2   0   2   8   0   2   3 696   9   1   2   1   1 |   u = V
   6   0   2   1   0   0   0   3   0   1   1   0   0   3   0   0   1   0   6   0   8 745   4   4   0   1 |   v = Y
   0   5  12   0  11  15   6   3   2   0   1   8   3   1   0   0   0  11   5  10   2   3 661   0   1  23 |   w = Q
   0   0   3   2   3   0   2   1   1  11   0   2   1   1   0   8   8   0   0   0   3   0   1 765   1   0 |   x = U
   0   0   3   0   2   1   4   1   0   1  15   0  20   1   0  13   1   0   0   4   0   0   0   0 673   0 |   y = K
   1   0   3   0   0  16   0   0   3   0   1   0   0   1   1   0   0   1   1   4   0   0   1   0   0 701 |   z = Z

-----------------------------------------------------------------------------
||                                  Result                                 ||
-----------------------------------------------------------------------------
|| ANN || Neurons: 28 Layers: 2 Epochs: 1000 Learning Rate: 1.0 Momentum: 2.75

Correctly Classified Instances       16623               83.115  %
Incorrectly Classified Instances      3377               16.885  %
Kappa statistic                          0.8244
Mean absolute error                      0.0137
Root mean squared error                  0.1089
Relative absolute error                 18.4882 %
Root relative squared error             56.6067 %
Total Number of Instances            20000     

Confusion Matrix
   a   b   c   d   e   f   g   h   i   j   k   l   m   n   o   p   q   r   s   t   u   v   w   x   y   z   <-- classified as
 648   2   8   1  13   4   9   0   0   0  12   1   4  14   0  19   0   0   0  16   5  16   5   6   2  11 |   a = T
   2 646  17   0   1   5   5   3   3   0  13   3   6  15   4   0   0   7   6   3   0   1   2   0   0  13 |   b = I
   1   1 680   4   1   1  18   4   3   4   9  21  15   4   0  17   0   3   3   0   0   1   1   8   4   2 |   c = D
   0   1  11 662   0   3   4   4   1  15   1  21   8   1   1  15  10   0   3   2   0   0   1  14   4   1 |   d = N
   0   7   9   0 559   5  15   8   3   1   3  20  20   6  13  15   7   6   6   8   1   1  35   5   8  12 |   e = G
   2   7  15   1   2 482  42  11   5   0  16  15  11  15   1   8   0  12   4  36   1   4   5   1   4  48 |   f = S
   0   4  20   1   4   8 658   0   0   0   6   4  20   2   0   9   2   1   6   6   0   5   5   1   4   0 |   g = B
   1   1   5   4   2   7   3 711   3   4   3   2   0   2   0   3   2   2   6   0   2  10   1   9   2   4 |   h = A
   2  22   7   0   0  10   2   3 605   2  12  13   5  14   0   6   0   1   7   2   0   5   3   5   1  20 |   i = J
   0   0   1   4   1   0  16   2   0 734   0   3  11   0   0   5  10   0   0   1   0   0   1   2   1   0 |   j = M
   1   4   8   0   1   3   4   1   2   0 684   1   8   6   2   4   0   2   0  11   0   6   0   2  32   5 |   k = X
   0   0  13  11   4   2   2   6   2   2   2 614  14   0   1  22   4   3   7   2   4   1  23  10   4   0 |   l = O
   0   2  16   6   6   2  39   1   0   5   6   0 617   1   0  17   4   0   1   6   0   3   7   1  17   1 |   m = R
  10  11   9   3   0   9  11   2   3   1   9   0   8 612   0  10   2   1  31  14   3   6   0   1   7  12 |   n = F
   0   1   0   1  15   2   1   3   0   3   0  11   3   3 611  12   2   2   0  22   0   1   4  20  19   0 |   o = C
   1   1  20  11   9   1  20   6   1   0   3  11  47   1   2 515   5   0  10   5   2   7  11  15  27   3 |   p = H
   0   0   0   7   1   0   5   0   1   7   0  13  10   0   1   7 677   0   1   1   4   2   3   9   2   1 |   q = W
   1   3   2   2  13   3  10   1   1   0  22   3   9   4   4   7   1 635   1  11   0   2   5   4   6  11 |   r = L
   0   3   4   2   4   2   8   0   2   1   1   1   6  40   0   0   3   0 702  10   1   1   7   1   4   0 |   s = P
   1   5   1   0  16  17  12   0   0   0  14   4   6   7  10   8   1   3   1 614   0   1  14   0  16  17 |   t = E
   2   1   1   0   2   0  16   4   1   1   0   9   4   4   0   7  15   0   4   3 665  15   4   1   3   2 |   u = V
  17   0   4   0   0   7   1   3   1   1   2   2   0   1   1   1   3   0  14   0  26 691   7   3   0   1 |   v = Y
   0   7  11   1  25  12  22  10   0   1   9  31   5   7   5   1   1  12   3   9   2   1 589   0   9  10 |   w = Q
   0   0   6   8   2   0   1   4   0  15   0  16   1   0   1  15  12   0   0   2   1   1   2 722   4   0 |   x = U
   0   0   4   5   3   4   8   3   1   3  16   1  18   0   2  22   1   2   1   7   2   1   1   4 630   0 |   y = K
   1   2   5   0   0  18   3  10   3   0   6   0   1   2   0   0   0   7   0  11   0   2   3   0   0 660 |   z = Z

-----------------------------------------------------------------------------
||                                  Result                                 ||
-----------------------------------------------------------------------------
|| ANN || Neurons: 34 Layers: 2 Epochs: 800 Learning Rate: 3.75 Momentum: 2.25

Correctly Classified Instances       17526               87.63   %
Incorrectly Classified Instances      2474               12.37   %
Kappa statistic                          0.8713
Mean absolute error                      0.0105
Root mean squared error                  0.0923
Relative absolute error                 14.1891 %
Root relative squared error             47.9894 %
Total Number of Instances            20000     

Confusion Matrix
   a   b   c   d   e   f   g   h   i   j   k   l   m   n   o   p   q   r   s   t   u   v   w   x   y   z   <-- classified as
 660   0   3   1   5   6   9   1   0   0   7   1  12  12   3   8   3   3   0  23   1  10   1   2  10  15 |   a = T
   3 651   6   2   3  16  13   6  13   0  12   0   0   4   3   0   0   3   3   2   0   2   6   0   3   4 |   b = I
   0   0 719   6   0   3   8   2   4   3   2  13   7   1   0  13   0   1   5   0   0   2   0  10   6   0 |   c = D
   0   0  12 723   1   1   2   2   0   4   0  13   6   2   0   5   7   0   0   0   1   2   0   2   0   0 |   d = N
   0   7   5   3 625  10  14   6   1   1   1   9   3   3  16   1   3   4   2  11   0   5  25   4  10   4 |   e = G
   4   1   3   0   0 657  16   2   5   0   4   6   4   4   1   2   0   7   1  10   0   0   6   0   1  14 |   f = S
   0   1  10   1   3   7 689   0   0   0   3   2  15   2   0   1   4   0   1  10   0   6   1   2   6   2 |   g = B
   0   1   2   6   0   1   1 722   1   1   1   0   4   3   2   2   4   1   1   1   0   7   7   9   3   9 |   h = A
   3   8   3   5   0  13   2   7 619   1  14   9   0   5   0   3   0  13   6   8   1   1   5   3   1  17 |   i = J
   0   0   0  11   5   0   6   2   0 736   0   2   4   0   1   2  12   0   0   4   0   1   1   3   2   0 |   j = M
   3   3   2   0   2   4   3   0   0   0 741   0   2   2   0   0   0   2   0   3   0   2   1   1  13   3 |   k = X
   0   2  14   4   5   0   1   7   2   7   1 636   4   0   3   7  18   3   0   0   1   1  23   8   2   4 |   l = O
   0   0  13  12   5   0  16   1   3   0   3   6 657   1   1   5   3   0   1   4   0   0   4   3  18   2 |   m = R
  18   4   7   0   3  15  13   0   3   0   5   0   0 628   4   1   2   2  20  28   2   5   3   0   2  10 |   n = F
   2   0   0   1  31   2   0   7   0   0   1   9   3   1 611   7   0   2   1  35   0   0   7   7   9   0 |   o = C
   0   2  16  11   8   3  16   8   1   0   5   8  24   7   0 567   3   0   4   1   0   9   6   6  27   2 |   p = H
   0   0   0  12   2   0   1   7   0   8   0   4   4   0   0   1 692   0   2   1   9   1   0   2   6   0 |   q = W
   0   2   0   0  14  13   3   3   0   1  11   0  15   0   5   1   2 651   0  22   0   3   2   4   7   2 |   r = L
   0   2   2   0  11   2   8   0   2   0   0   2   1  23   1   2   0   0 721   7   0   6  12   1   0   0 |   s = P
   0   0   0   0  15   8   6   1   2   0  10   0   3   3   2   1   0   1   0 689   0   2   6   0  11   8 |   t = E
   2   0   3   2   8   1  13   2   0   2   0   2   5   0   0   1  17   0   2   3 668  22   5   5   1   0 |   u = V
  21   1   0   2   0   3   1   0   1   0   3   0   1   2   0   1   2   0   6   0  16 722   3   0   0   1 |   v = Y
   0   4  10   0  12  13  11   4   0   0   3  27   3   0   0   0   0  12   2  19   0   4 636   1   3  19 |   w = Q
   1   0   2   3   0   0   2   2   2   7   0   2   1   2   1   8   7   0   2   1   0   1   1 766   2   0 |   x = U
   0   0   2   2   2   1   3   6   0   0  16   1  19   1   3  10   3   0   0   6   0   0   1   4 659   0 |   y = K
   3   5   0   0   0  13   2   1   7   0   3   0   1   2   0   0   0   1   1   9   0   0   5   0   0 681 |   z = Z

-----------------------------------------------------------------------------
||                                  Result                                 ||
-----------------------------------------------------------------------------
|| ANN || Neurons: 37 Layers: 1 Epochs: 2000 Learning Rate: 1.25 Momentum: 2.5

Correctly Classified Instances       17118               85.59   %
Incorrectly Classified Instances      2882               14.41   %
Kappa statistic                          0.8501
Mean absolute error                      0.0121
Root mean squared error                  0.1013
Relative absolute error                 16.4172 %
Root relative squared error             52.6555 %
Total Number of Instances            20000     

Confusion Matrix
   a   b   c   d   e   f   g   h   i   j   k   l   m   n   o   p   q   r   s   t   u   v   w   x   y   z   <-- classified as
 663   2   8   1  15   1   7   0   0   0  15   2   4  12   2   7   1   3   0   9   0   9   3  10   4  18 |   a = T
   1 643   7   1   0   7   4   2  16   0  24   2   0  10   1   0   0   6   5   2   0   5   1   0   1  17 |   b = I
   0   1 723   5   1   3  12   7   1   8   5   7  12   1   0   7   1   0   2   0   0   0   0   5   3   1 |   c = D
   1   0  12 711   2   0   1   0   1  13   0  11   8   2   0   4   1   0   3   0   2   1   0   6   3   1 |   d = N
   0   1   9   2 611  18  17   9   0   1   1   7   5   1   9   1   6   4  11  10   7   6  18   6  12   1 |   e = G
   4   7   5   0   4 636  12   5   6   0  11   1   4   6   1   1   0   5   4  17   4   3   1   0   1  10 |   f = S
   0   0  22   1   1   6 680   2   0   1   4   2  20   3   0   2   1   0   2   8   0   3   3   0   4   1 |   g = B
   0   0   2   4   0   5   2 719   4   7   3   0   2   0   0   2   7   1   0   0   7   7   3   8   4   2 |   h = A
   1  14   5   2   2   4   2   8 609   0  15   1   3   9   0   1   0   1  12   3   0   9   3   0   3  40 |   i = J
   0   0   2   8   4   0  10   2   0 744   0   0   4   0   0   1   4   1   1   5   0   1   1   4   0   0 |   j = M
   4   0  12   0   2   5   3   1   2   0 724   1   3   1   2   0   0   1   0   9   0   5   3   0   8   1 |   k = X
   2   0  12  14  10   0   1   6   3   6   2 602  10   1   2  15  14   3  10   0   3   0  23  12   2   0 |   l = O
   0   0  21  14   6   0  24   7   0   3   6   2 627   0   0   9   1   2   4   3   0   0   3   1  25   0 |   m = R
  19   6   2   2   3  18  23   0   1   0   3   0   0 636   4   2   1   0  19  17   0   7   8   1   2   1 |   n = F
   0   2   0   0  21   2   2   0   0   5   6  13   0   1 585   3   6  10   0  26   3   0   7  13  31   0 |   o = C
   1   0  44   8  12   3  22   5  11   8  22  30  39   5   2 396   7   1   6   8  11   8   9  18  56   2 |   p = H
   0   0   0   9   1   0   6   2   0  17   0   0   3   1   0   1 690   0   2   4   0   0   2   5   9   0 |   q = W
   0   0   1   5  12  10  11   2   1   1  17   1   4   1   2   2   0 645   0  19   0   3   4   7  11   2 |   r = L
   0   2   5   1  12   0  11   0   2   1   0   2   2  26   0   1   0   0 711   8   3  10   2   0   2   2 |   s = P
   1   2   1   0  16   5   9   0   0   0  10   0   2   4   2   0   0   5   0 683   0   0  10   1   7  10 |   t = E
   2   0   3   5   6   0  17   5   0   3   0   0   2   2   0   1  12   0   6   0 689   7   1   1   2   0 |   u = V
  13   1   3   7   3   1   0   1   4   2   3   0   0   5   0   0   2   0   4   2  13 709   6   6   1   0 |   v = Y
   0   4  10   2  18  16  19  10   1   0   2  11  10   0   0   0   2  10   4  27   1   6 613   1   2  14 |   w = Q
   0   0   1   3   1   1   6   0   2  18   0   4   1   0   2   1   6   2   0   0   6   0   2 753   4   0 |   x = U
   2   0   4   0   3   6  10   0   1   3  23   0  20   1   4  11   0   1   0   6   0   0   0   3 641   0 |   y = K
   0   2   1   0   0  24   4   3   0   0   6   0   3   3   0   0   0   4   0   7   0   0   2   0   0 675 |   z = Z

-----------------------------------------------------------------------------
||                                  Result                                 ||
-----------------------------------------------------------------------------
|| ANN || Neurons: 42 Layers: 2 Epochs: 1000 Learning Rate: 3.25 Momentum: 1.25

Correctly Classified Instances       17839               89.195  %
Incorrectly Classified Instances      2161               10.805  %
Kappa statistic                          0.8876
Mean absolute error                      0.0091
Root mean squared error                  0.0867
Relative absolute error                 12.3472 %
Root relative squared error             45.1079 %
Total Number of Instances            20000     

Confusion Matrix
   a   b   c   d   e   f   g   h   i   j   k   l   m   n   o   p   q   r   s   t   u   v   w   x   y   z   <-- classified as
 674   1   5   6   7   4   8   3   0   1   9   1   8   5   1  10   0   1   0  15   0   6   4   6   2  19 |   a = T
   3 684   2   2   0  12   1   4   4   0  13   0   3   9   2   0   0   2   2   5   0   4   1   0   0   2 |   b = I
   0   1 743   5   1   3   8   0   5   0   3   4   8   1   0   9   2   2   1   0   0   0   1   6   2   0 |   c = D
   0   0  13 727   1   0   1   2   0   4   0   9   7   1   0   9   1   0   1   0   0   0   2   2   3   0 |   d = N
   1   3   8   0 658   7   7   4  10   1   1   8   1   5   7   1   1  10   3   9   0   3  17   1   6   1 |   e = G
   1   6   3   1   0 661  10   0   1   0   7   3   4   6   3   0   0   6   1  14   0   4   2   0   4  11 |   f = S
   0   0   9   0   3   4 697   1   1   0   3   0  20   0   0   1   2   0   3  12   0   3   0   3   3   1 |   g = B
   0   0   5   6   0   4   0 732   1   1   2   1   2   3   1   5   0   3   2   0   0   9   4   3   2   3 |   h = A
   3  13   1   1   0  15   0   6 646   0  13   2   2  14   5   2   0   1   1   7   0   3   3   6   0   3 |   i = J
   0   0   2  11   4   1   4   2   0 741   0   3   6   1   0   3   4   0   0   3   1   1   3   2   0   0 |   j = M
   1   0   7   0   0   2   0   0   1   0 749   0   1   3   3   0   0   0   0   5   0   2   2   2   6   3 |   k = X
   0   0   8   2   8   1   1   3   2   6   2 663  13   0   2   6   9   3   2   0   0   0  16   6   0   0 |   l = O
   0   0   5  10   4   0  23   1   0   3   2   2 674   0   1   6   1   0   1   3   0   0   6   1  15   0 |   m = R
  10   5   5   6   2   8   3   0   4   0   7   0   2 675   4   1   1   0  15  15   1   4   1   0   4   2 |   n = F
   0   1   0   5  21   1   1   3   1   3   0   5   5   1 637  10   1   1   0  22   2   0   2   7   7   0 |   o = C
   1   0  17   6   7   3  14   4   7   1   6   2  21   5   1 582   2   1   4   4   1   6   6   6  27   0 |   p = H
   1   0   0   9   3   0   2   0   0  11   0   1   5   0   1   1 705   0   0   3   0   0   3   6   1   0 |   q = W
   0   1   1   4   9   6   8   8   1   0  13   0  11   2  10   3   1 644   0  15   1   3   8   3   9   0 |   r = L
   0   0   0   1   5   0   9   1   0   0   0   2   6  20   2   1   0   0 731   7   1   4  11   1   1   0 |   s = P
   1   1   2   0  22   3   6   0   0   0   3   0   1   1  12   0   0   0   0 702   0   1   4   0   5   4 |   t = E
   1   0   1  11   8   1  14   2   3   2   0   2   2   0   1   2  12   0   4   4 676   9   0   8   1   0 |   u = V
   9   0   0   1   1   3   0   2   0   1   4   1   0   4   1   0   1   0   0   0   8 745   4   1   0   0 |   v = Y
   0   5   6   0   4  14  11   7   2   0   2  19   3   3   0   0   1  11   3  22   2   5 631   3   2  27 |   w = Q
   0   0   1   7   3   0   2   3   1   8   0   1   1   0   0   4   5   0   0   0   1   2   2 769   3   0 |   x = U
   0   0   1   1   5   1   1   0   0   0  15   0  16   2   5  11   0   1   0   6   0   0   0   2 672   0 |   y = K
   4   5   1   1   0  23   1   6   9   0   3   0   1  11   2   0   0   8   3  15   0  12   6   0   2 621 |   z = Z

-----------------------------------------------------------------------------
||                                  Result                                 ||
-----------------------------------------------------------------------------
|| ANN || Neurons: 28 Layers: 2 Epochs: 1800 Learning Rate: 4.0 Momentum: 2.75

Correctly Classified Instances       17141               85.705  %
Incorrectly Classified Instances      2859               14.295  %
Kappa statistic                          0.8513
Mean absolute error                      0.0119
Root mean squared error                  0.0991
Relative absolute error                 16.1205 %
Root relative squared error             51.5223 %
Total Number of Instances            20000     

Confusion Matrix
   a   b   c   d   e   f   g   h   i   j   k   l   m   n   o   p   q   r   s   t   u   v   w   x   y   z   <-- classified as
 654   1   3   1  12   5   7   0   5   0   9   0  10   8   1   7   1   1   1  15   1  22   8   4   6  14 |   a = T
   2 669   5   0   2   9   8   0  10   0  13   1   3   4   2   0   0   7   8   2   0   3   4   0   0   3 |   b = I
   0   1 693   4   1   6  26   2   3   1   7   8  10   2   0  24   2   0   8   0   0   1   0   4   1   1 |   c = D
   0   0  16 671   1   0   4   4   0   9   0  15  12   1   0  19  10   0   4   0   1   8   0   4   4   0 |   d = N
   0   6  10   2 600   6   9   6   5   2   2   8  13   2  14   5   2  10   3  19   1   3  28   4   4   9 |   e = G
   2   4   2   0   2 632  19   1   8   0   8   1   2   3   1   0   0   8   3  12   0   8   5   1   6  20 |   f = S
   0   2  14   3   1   9 675   2   4   0   4   1  25   2   0   5   1   2   1   6   0   5   3   1   0   0 |   g = B
   0   0   3   6   0   6   6 706   2   4   1   2   5   2   1   4   2   3   3   1   1  10   4   8   4   5 |   h = A
   1  23   6   1   1   6   7   2 629   3  15   4   0   6   2   4   0   4   7   4   0   4   7   1   1   9 |   i = J
   0   0   0  12   5   0   8   2   0 742   0   2   5   0   0   6   3   0   0   0   0   0   0   4   3   0 |   j = M
   1   5   7   0   2   8   3   0   1   0 715   1   4   4   0   2   0   6   0   7   0   4   2   2  10   3 |   k = X
   0   0  10   1  10   0   1   3   3   8   1 651   9   0   3  14   7   3   3   1   1   0  18   2   2   2 |   l = O
   0   0  11   8   5   0  39   4   0   0   6   3 635   2   0  17   2   1   1   3   0   0   6   0  15   0 |   m = R
  13   9   4   1   5  12   7   1   7   1   5   0   2 628   0   1   4   1  28  22   1  10   6   0   5   2 |   n = F
   0   1   1   0  30   2   1   0   2   4   1  17   2   1 587  13   0  12   0  37   0   1   3   7  12   2 |   o = C
   0   1  21   9   7   2  25   3   1   3   2   9  34   3   3 546   4   3   4   3   1  13   0   8  26   3 |   p = H
   0   0   0   8   4   0   6   0   0  12   0   3  13   0   0   4 678   0   2   2   3   0   7  10   0   0 |   q = W
   0   5   4   1  11   7   9   1   0   4  13   2  14   0   0   8   0 644   0  19   0   4   7   4   2   2 |   r = L
   0   2   5   1   5   0   6   0   2   0   0   3   6  29   0   4   4   0 712  15   0   2   1   0   3   3 |   s = P
   0   1   1   0  11   9  12   0   0   0  13   0   9   3   4   3   0   6   0 665   0   0   7   0   6  18 |   t = E
   2   0   2   1   9   0  21   3   1   2   0   1   7   3   0   1  14   0   3   0 658  30   4   2   0   0 |   u = V
  14   1   0   1   0   1   4   1   1   2   2   0   1  12   0   1   3   0   3   0   8 725   1   4   1   0 |   v = Y
   0   3   5   1  25  13  15   6   4   0   1  32   5   0   1   0   1   9   0  10   2   3 624   0   5  18 |   w = Q
   0   0   1   5   3   0   2   3   0  14   0   9   4   0   3  12   6   0   0   2   3   4   0 738   4   0 |   x = U
   0   1   2   5  10   1   5   6   1   0  13   0  29   0   3  19   2   3   0   8   2   0   0   4 625   0 |   y = K
   3   5   2   0   0  41   1   1  12   0   5   1   4   1   0   0   0   1   1  10   0   0   7   0   0 639 |   z = Z

-----------------------------------------------------------------------------
||                                  Result                                 ||
-----------------------------------------------------------------------------
|| ANN || Neurons: 27 Layers: 2 Epochs: 2000 Learning Rate: 2.0 Momentum: 3.75

Correctly Classified Instances       17010               85.05   %
Incorrectly Classified Instances      2990               14.95   %
Kappa statistic                          0.8445
Mean absolute error                      0.0124
Root mean squared error                  0.1015
Relative absolute error                 16.7422 %
Root relative squared error             52.7833 %
Total Number of Instances            20000     

Confusion Matrix
   a   b   c   d   e   f   g   h   i   j   k   l   m   n   o   p   q   r   s   t   u   v   w   x   y   z   <-- classified as
 641   1  10   0  13   3  13   0   1   0  12   1   4  19   1  15   0   2   0  13   1  23   4   5  10   4 |   a = T
   0 640   5   2   0  18   2   0  10   0  11   2   2  20   4   0   0   6  11   5   0   0   4   0   2  11 |   b = I
   1   0 692  10   0   5  11   1   3   4  13  13  11   5   0  22   0   0   3   2   0   1   1   4   2   1 |   c = D
   0   0  19 686   1   0   7   3   0  14   0  10   9   7   2   6   7   0   2   1   2   0   0   6   1   0 |   d = N
   0   0  10   0 611   5   8   7   1   0   9  15  10   9  22   5   2   3   4  10   1   5  25   2   6   3 |   e = G
   0   2   6   0   2 593  19   5  10   0   8   8   7  13   1   2   0  13   2  15   0   2   3   0   3  34 |   f = S
   0   2  15   3   2  15 670   1   0   0   4   0  29   1   0   2   0   0   1  10   0   6   3   0   2   0 |   g = B
   1   2   8   8   1   5   3 705   4   5   3   2   5   1   3   6   2   2   2   1   3   5   3   4   2   3 |   h = A
   2  24   9   5   1  13   7   4 606   0  13   2   1   8   2   3   0   1   8   3   1   1   4   3   3  23 |   i = J
   0   0   1  16  12   0   6   4   2 716   0   4   5   1   0   5   9   0   1   3   0   1   2   4   0   0 |   j = M
   2   5  10   0   3   9   2   1   1   0 713   0   5   1   2   2   0   0   0  10   0   4   5   0  11   1 |   k = X
   0   0   7   5   9   1   5   2   2   6   1 632  15   0   2  14   9   2   3   1   6   1  25   5   0   0 |   l = O
   0   0  10   6   5   1  31   2   0   5   4   6 640   1   1  19   0   1   1   2   0   3   5   1  13   1 |   m = R
  16   9   3   3   6  10  11   0   4   0   6   0   7 638   2   3   4   0  21  16   3   1   4   1   2   5 |   n = F
   0   6   1   1  26   6   1   0   0   0   3  12   5   6 598  10   1   1   1  28   2   1   8   9   9   1 |   o = C
   0   1  19  18  11   3  24   3   1   1   5   8  37   6   0 529   0   0   9   2   6   5   5   6  32   3 |   p = H
   0   0   0  14   4   0  14   3   0  12   0   4   5   1   1   4 674   0   0   0   4   1   2   4   5   0 |   q = W
   0   4   1   2  15  12  11   4   0   0  18   0  14   1   2   7   0 641   0  10   0   0   7   3   5   4 |   r = L
   1   1   8   1   9   3  10   0   3   0   0   8   5  33   1   4   1   0 699   2   2   7   5   0   0   0 |   s = P
   1   0   0   0  15  15  15   1   0   0  14   4   3   6  10   4   0   1   0 637   0   0  21   0   7  14 |   t = E
   2   0   1  11   7   2  10   1   0   3   2   3   6   0   2   3   9   0   2   4 662  27   4   2   1   0 |   u = V
  13   2   1   0   0   1   0   2   2   1   3   0   1   6   0   0   3   0   9   0  17 715   3   3   1   3 |   v = Y
   0   2   7   0  21   5  14   9   2   0   4  21   3   5   5   1   2   2   0  18   3   5 642   4   1   7 |   w = Q
   1   0   1  10   4   0   0   2   2  11   1   4   3   3   3   8   7   1   0   1   0   5   3 740   3   0 |   x = U
   0   0   3   5   4   1   9   3   0   3  15   0  25   2   7  22   0   4   0   6   1   0   2   3 623   1 |   y = K
   3   2   3   0   1  23   2   1   2   0   5   0   2   1   0   0   0   1   1  10   0   5   5   0   0 667 |   z = Z

-----------------------------------------------------------------------------
||                                  Result                                 ||
-----------------------------------------------------------------------------
|| ANN || Neurons: 32 Layers: 2 Epochs: 2000 Learning Rate: 2.5 Momentum: 1.5

Correctly Classified Instances       17406               87.03   %
Incorrectly Classified Instances      2594               12.97   %
Kappa statistic                          0.8651
Mean absolute error                      0.0108
Root mean squared error                  0.0945
Relative absolute error                 14.5739 %
Root relative squared error             49.1496 %
Total Number of Instances            20000     

Confusion Matrix
   a   b   c   d   e   f   g   h   i   j   k   l   m   n   o   p   q   r   s   t   u   v   w   x   y   z   <-- classified as
 668   0   6   2   9   6   3   0   1   1   8   1   3   7   6  12   1   5   0  14   3  14   6   2   2  16 |   a = T
   4 669   6   0   1  17   4   0  11   0   8   1   2  12   0   0   0   1   7   4   0   3   2   0   0   3 |   b = I
   1   2 703   9   1   5  18   4   3   3   2   5  12   1   1  15   1   0   6   1   0   2   2   6   1   1 |   c = D
   1   0   7 702   1   3   4   2   0   3   0  16  12   3   1   8   6   1   1   0   5   1   1   3   2   0 |   d = N
   2   3  11   2 629   6   6   9   4   1   4  14   4   7  12   2   4   5   2  13   1   1  18   4   8   1 |   e = G
   1   4   5   1   3 617  21   7   6   0   4   0   4   7   6   0   0   8   1  25   0   5   3   0   2  18 |   f = S
   1   0  12   1   3  16 674   0   1   1   4   0  21   4   0   2   3   0   2  10   0   2   0   0   6   3 |   g = B
   1   0   1   5   1   1   7 724   1   6   0   0   3   0   5   1   2   2   3   0   3   7   1  11   1   3 |   h = A
   3  16   3   2   0  14   5   3 640   1   7   2   4   6   4   2   0   2   1   6   0   2   2   4   1  17 |   i = J
   1   0   4  10   7   0   4   2   1 735   0   1   2   0   0   4   7   0   2   2   2   0   5   2   1   0 |   j = M
   1   4  11   0   2   2   2   1   3   0 723   2   1   0   3   2   0   0   0   8   0   3   2   1  13   3 |   k = X
   0   0   6   3   2   4   2   7   1   4   0 633  10   0   7  10  16   2   5   1   7   0  15  14   4   0 |   l = O
   0   0  16  13   5   5  18   2   1   0   3   5 648   2   0   9   1   0   2   2   1   2   4   0  19   0 |   m = R
  19   9   3   5   7  14  12   1   2   0   5   0   2 639   3   2   2   1  13  14   4  11   3   0   0   4 |   n = F
   2   1   0   3  24   3   0   2   0   3   7  19   2   1 619   2   0   1   0  24   1   0   6  11   5   0 |   o = C
   0   1  19  12   8   4  10   3   2   2   1  14  27   3   1 549   1   2  11   2   2  13   5   7  31   4 |   p = H
   0   0   0   4   2   0   5   3   0   6   0   4   4   2   0   1 699   0   0   3   9   0   0   8   2   0 |   q = W
   1   0   1   1  13  20   6   2   0   0  11   2   7   0   7   5   0 654   0  19   0   3   3   0   2   4 |   r = L
   0   0   3   0  13   0   8   1   1   0   0   4   1  32   6   5   4   0 707   2   2   5   6   0   2   1 |   s = P
   4   1   0   0  21  13  10   1   0   0   5   0   5   2   6   0   1   3   0 666   1   0  11   0   6  12 |   t = E
   2   0   0   1  12   2  10   2   0   1   0   1   4   2   0   4   8   1   0   3 694  12   1   3   1   0 |   u = V
  20   1   0   1   0   3   0   2   1   1   3   0   1   2   0   0   3   0   6   0  10 726   4   1   0   1 |   v = Y
   0   5   8   0  11  14  11   6   2   0   6  15   2   0   1   2   2   8   0   7   1   5 653   0   4  20 |   w = Q
   2   0   1   8   2   0   2   7   0  12   3   6   3   0   6   8   8   1   1   0   3   3   0 733   4   0 |   x = U
   0   1   2   7   3   5   4   2   0   3  14   1  22   3   6  15   0   0   0   7   1   0   1   4 638   0 |   y = K
   0   4   2   0   0  22   0   4   7   0   2   1   4   2   1   1   0   8   0   8   0   2   2   0   0 664 |   z = Z

-----------------------------------------------------------------------------
