||                                  Result                                 ||
-----------------------------------------------------------------------------
|| ANN || Neurons: 27 Layers: 2 Epochs: 600 Learning Rate: 1.25 Momentum: 3.0

Correctly Classified Instances       17239               86.195  %
Incorrectly Classified Instances      2761               13.805  %
Kappa statistic                          0.8564
Mean absolute error                      0.012 
Root mean squared error                  0.0966
Relative absolute error                 16.1827 %
Root relative squared error             50.2502 %
Total Number of Instances            20000     

Confusion Matrix
   a   b   c   d   e   f   g   h   i   j   k   l   m   n   o   p   q   r   s   t   u   v   w   x   y   z   <-- classified as
 651   0   8   0  18   3  10   0   0   0  10   2   3  12   0  12   0   0   0  13   3  19   4   3   9  16 |   a = T
   2 650  10   0   0  16   2   0   0   0   9   2   3  21   1   0   0   5   9   5   1   2   5   0   1  11 |   b = I
   0   1 709   9   0   2  11   0   2   5  10  15   7   2   0  18   0   1   3   0   0   0   1   4   3   2 |   c = D
   0   0  15 688   2   0   4   1   0  11   0  12  10   3   0  10  11   0   2   0   2   0   0  10   2   0 |   d = N
   0   1  11   0 620  10   8   8   1   0   8   8   6   5  19   4   2   2   7   9   6   5  22   0   9   2 |   e = G
   2   1   2   0   1 634  20   4   6   0  10   4   3   8   2   0   0   3   1  13   0   3   7   0   2  22 |   f = S
   0   0  22   2   3  13 676   0   0   0   4   0  19   0   0   4   0   0   4  12   0   2   2   0   3   0 |   g = B
   1   0   2   7   0   5   2 702   2   6   4   3   5   3   3   1   1   4   4   1   3  11   1  10   1   7 |   h = A
   0  23   2   5   1  19   3   4 608   0  11   3   2  14   0   6   0   0   7   3   0   6   6   3   1  20 |   i = J
   0   0   1   5   8   0   8   2   1 732   0   5   3   1   0   2  10   0   1   2   0   0   2   4   4   1 |   j = M
   3   4  11   1   2   5   1   0   0   0 725   2   2   4   0   2   0   0   0   9   0   5   2   0   8   1 |   k = X
   0   0   7   3   2   5   2   4   2   8   0 644   9   0   1  19  12   2   2   0   4   1  20   5   1   0 |   l = O
   0   0  18   9   4   1  41   3   0   0   1   5 634   3   1  14   0   1   3   0   0   0   2   1  16   1 |   m = R
  12   5   2   2   3  13  12   1   2   2   3   1   0 653   0   1   0   0  19  17   2  12   3   0   2   8 |   n = F
   1   1   1   4  34   3   1   0   0   0   0  14   0   2 594  14   2   2   1  26   4   1  15  10   6   0 |   o = C
   0   0  19   6   9   4  25   1   1   1   6  11  36   3   2 535   2   2   6   2   5  11   5  10  28   4 |   p = H
   0   0   2   7  11   0   9   2   0  14   0   3   7   0   1   2 681   0   0   0   3   3   2   2   3   0 |   q = W
   0   0   3   2  15  16   8   0   1   0  18   1  10   0   2   5   0 642   1  15   0   3  10   2   5   2 |   r = L
   0   2   2   1  10   3  11   0   0   0   0   4   5  32   1   5   1   0 709   2   2   6   5   0   1   1 |   s = P
   1   1   0   0  15  10  10   1   1   0   5   1   5   4  12   3   0   1   2 644   0   3  25   0  10  14 |   t = E
   1   0   0  11  11   2  16   0   0   1   0   4   4   0   0   4  10   0   2   3 675  17   1   0   2   0 |   u = V
  13   0   3   0   0   5   1   0   0   1   6   0   0   5   0   2   3   0   9   0   9 726   2   1   0   0 |   v = Y
   1   1   4   0  19  10  11   5   0   0   3  19   5   2   1   0   2   4   2  22   0   2 653   3   3  11 |   w = Q
   1   0   3   8   8   0   1   1   0  12   1   3   2   0   0  14   4   0   0   1   2   5   1 745   1   0 |   x = U
   0   0   2   6   3   3   6   5   0   4  15   0  30   1   2  15   0   1   1  11   1   1   0   3 629   0 |   y = K
   2   3   2   0   1  23   0   1   0   0   1   0   4   1   0   0   0   3   0   8   0   2   3   0   0 680 |   z = Z

-----------------------------------------------------------------------------
||                                  Result                                 ||
-----------------------------------------------------------------------------
|| ANN || Neurons: 25 Layers: 2 Epochs: 1000 Learning Rate: 2.0 Momentum: 1.25

Correctly Classified Instances       16942               84.71   %
Incorrectly Classified Instances      3058               15.29   %
Kappa statistic                          0.841 
Mean absolute error                      0.013 
Root mean squared error                  0.1024
Relative absolute error                 17.5438 %
Root relative squared error             53.2386 %
Total Number of Instances            20000     

Confusion Matrix
   a   b   c   d   e   f   g   h   i   j   k   l   m   n   o   p   q   r   s   t   u   v   w   x   y   z   <-- classified as
 652   0   6   0  15   9  10   0   2   0   9   0   3  13   1   8   0   1   1  18   4  19   4   1   7  13 |   a = T
   3 636  14   1   2   8   4   3  15   2  11   6   1  15   2   0   0   3   9   3   0   4   1   0   0  12 |   b = I
   0   0 695   5   0   5  17   1   7   1   3  11  17   1   0  30   0   1   3   1   0   0   1   4   1   1 |   c = D
   2   0  18 686   0   1   1   5   2   9   1   7  10   5   0  14   5   0   1   0   0   1   1  11   3   0 |   d = N
   0   4   7   2 553   2  18   9   0   4   2  12  30   3  25   3   5   6   6  22   7   6  29   5   8   5 |   e = G
   6   5   7   0  10 582  16   9   4   0  12   1   5  17   3   4   0  11   0  23   2   5   2   0   1  23 |   f = S
   0   0  18   3   0   8 685   2   1   0   4   1  13   2   1   6   1   2   0   8   3   2   2   1   3   0 |   g = B
   0   2   2  10   0   1   0 711   7   9   1   4   3   3   1   1   1   4   5   0   1  10   3   3   5   2 |   h = A
   2  18   7   4   1   8   7   7 611   0  16   4   2  15   1   5   1   0   7   1   0   2   1   4   0  23 |   i = J
   0   0   2   4   1   0   8   4   0 730   0   0  11   0   0   3   7   1   1   0   0   1   3  13   3   0 |   j = M
   1   4   7   0   3   7   5   1   1   0 709   1   0   7   1   2   0   1   1  11   0   5   1   3  11   5 |   k = X
   1   0   9   6   4   3   5   7   4   4   2 611  12   0   1  10  18   6   9   0   6   0  23  12   0   0 |   l = O
   0   2  11  11   3   4  34   1   1   1  10   2 637   0   0  10   0   0   2   4   0   1   6   4  14   0 |   m = R
  10   6   6   1   8  14  14   0   2   0   7   2   7 628   9   1   1   1  28  10   0   5   0   1   1  13 |   n = F
   0   1   0   1  22   0   2   3   0   2   5  10   8   1 584  15   3   5   2  30   5   0   6  15  13   3 |   o = C
   0   0  26  14   6   6  15   2   1   1   6   6  36   2   0 545   3   1   6   1   2   9   4  10  30   2 |   p = H
   0   0   0   3   3   0   5   2   0   8   1   1   7   0   0   1 696   0   1   2   5   4   2   5   6   0 |   q = W
   0   3   4   0  13   7   5   2   1   1  24   3   8   2   4   4   0 629   0  21   7   5   3   4   6   5 |   r = L
   1   2   5   0   7   1   4   1   1   0   0   0   3  32   1   2   1   1 712   5   1   8  12   1   2   0 |   s = P
   2   0   3   0  23   9  11   0   0   0  22   0  11   6   6   3   0   7   1 621   1   0  13   1   9  19 |   t = E
   3   0   3   3   0   0  15   1   0   1   0   1   5   2   0   1  14   0   6   3 669  26   4   5   2   0 |   u = V
  12   0   1   0   0   4   1   2   0   3   3   1   0   2   0   0   3   0   5   0  10 731   5   2   0   1 |   v = Y
   0   0   5   0  12   7  18  12   2   1   6  27   5   2   0   0   2  19   1  21   1   1 606   4   8  23 |   w = Q
   0   1   2   8   0   0   2   1   1  21   0   8   5   1   2   8   3   2   0   0   6   1   3 733   5   0 |   x = U
   0   0   4   3   8   2  10   2   1   3  19   0  33   0   1  17   2   1   1   7   1   0   2  10 612   0 |   y = K
   1   1   6   0   1  14   1   2   0   0   2   1   1   2   1   0   0   5   1  14   0   2   1   0   0 678 |   z = Z

-----------------------------------------------------------------------------
||                                  Result                                 ||
-----------------------------------------------------------------------------
|| ANN || Neurons: 31 Layers: 2 Epochs: 1200 Learning Rate: 2.0 Momentum: 1.5

Correctly Classified Instances       17393               86.965  %
Incorrectly Classified Instances      2607               13.035  %
Kappa statistic                          0.8644
Mean absolute error                      0.011 
Root mean squared error                  0.0946
Relative absolute error                 14.8796 %
Root relative squared error             49.168  %
Total Number of Instances            20000     

Confusion Matrix
   a   b   c   d   e   f   g   h   i   j   k   l   m   n   o   p   q   r   s   t   u   v   w   x   y   z   <-- classified as
 662   2   4   2   6   3   6   0   2   0  14   3   5   6   6   8   0   0   2  17   4  22   1   3   4  14 |   a = T
   1 634   7   1   0  20   6   0  20   0  12   3   3  20   4   0   0   4   6   3   0   1   3   0   0   7 |   b = I
   0   2 706   8   1   3  14   1   4   0   1  16   9   6   1  13   0   1   4   0   0   0   6   7   1   1 |   c = D
   0   0  16 699   1   0   1   3   0   4   1  18  14   3   1   8   8   0   3   0   0   0   0   3   0   0 |   d = N
   0   0  10   0 614   7   9   3   1   4   4  10  12   5  15   5   8   3   5  26   2   5  17   0   6   2 |   e = G
   3  16   8   0   1 597  16   2   8   0   8   2   3  15   3   0   1   9   2  17   0   7   3   0   3  24 |   f = S
   0   0   7   0   2   8 685   0   0   0   2   4  24   0   0   2   1   1   7  11   0   2   3   1   6   0 |   g = B
   3   0   2   5   1   4   0 706   1   7   3   3   2   7   1   0   4   2   0   0   0  16   4   9   2   7 |   h = A
   0  19   3   3   1  10   2   3 650   0   8   2   2  10   1   3   0   3   3   6   0   3   2   1   1  11 |   i = J
   0   0   1   7   3   0   7   0   1 741   0   0   6   0   3   2   9   0   0   2   0   0   2   5   3   0 |   j = M
   3   1   6   1   6   4   4   1   3   0 711   2   0   2   0   3   0   0   0   5   0   3   0   3  28   1 |   k = X
   1   0  10   7   5   0   2   3   2   9   2 642   8   1   6   7  10   2   7   2   0   0  11  13   2   1 |   l = O
   0   0  11   7   6   1  24   1   2   0   1   6 649   0   2  15   3   0   0   4   0   0   5   1  20   0 |   m = R
  11   9   2   4   6  11  21   0   5   1   5   1   6 635   3   7   1   1  23  13   1   4   3   0   2   0 |   n = F
   0   1   0   1  10   4   2   1   0   0   1  11   6   1 654   4   1   3   0  14   2   1   6   4   8   1 |   o = C
   0   0  25   5   6   6  20   3   4   1   3   4  30   3   2 548   1   1   9   3   3  11   2   4  36   4 |   p = H
   0   0   0   5   4   0   2   1   0  11   0   3   2   1   3   1 703   0   3   1   1   0   1   7   3   0 |   q = W
   0   0   4   7  12   9   8   7   1   0   8   0  16   2   5   4   0 643   0  11   1   7   5   0   8   3 |   r = L
   0   2   5   1   8   3   4   1   0   0   0   4   7  27   3   4   2   0 713   5   0   8   5   0   1   0 |   s = P
   0   1   1   0  14   6  12   0   0   0  14   0   0   4   5   3   0   5   3 674   0   0   7   0   6  13 |   t = E
   3   0   2   5   8   0  12   0   0   1   0   4   6   1   3   3  10   0   3   4 677  17   2   1   2   0 |   u = V
  12   0   0   1   1   0   1   0   0   1   0   0   0   1   0   0   1   0   3   0  14 737  11   2   1   0 |   v = Y
   0   4   4   1  20  12   9   8   0   0   1  24   4   0   3   1   0  11   8  12   2   5 642   0   3   9 |   w = Q
   0   0   4  11   4   1   2   2   1  10   0   3   0   2   3   7   9   1   0   0   2   3   1 745   2   0 |   x = U
   0   0   0   3   6   1   5   3   1   2  14   0  15   5   6  17   0   1   2   9   0   0   3   2 644   0 |   y = K
   1   0   0   0   0  16   2   1   6   0   4   0   1   3   1   0   0   6   0   6   0   0   4   0   1 682 |   z = Z

-----------------------------------------------------------------------------
||                                  Result                                 ||
-----------------------------------------------------------------------------
|| ANN || Neurons: 26 Layers: 2 Epochs: 1800 Learning Rate: 3.25 Momentum: 1.75

Correctly Classified Instances       16991               84.955  %
Incorrectly Classified Instances      3009               15.045  %
Kappa statistic                          0.8435
Mean absolute error                      0.0125
Root mean squared error                  0.1014
Relative absolute error                 16.9219 %
Root relative squared error             52.7242 %
Total Number of Instances            20000     

Confusion Matrix
   a   b   c   d   e   f   g   h   i   j   k   l   m   n   o   p   q   r   s   t   u   v   w   x   y   z   <-- classified as
 657   3   3   0  14   6   8   0   0   0   8   3   0  16   2   9   0   0   0  22   0  13   6   4  11  11 |   a = T
   2 641  11   1   0  16   4   1   4   1  13   0   2  12   3   0   0   3   8   4   0   4   5   0   2  18 |   b = I
   3   2 683   9   0   9  20   1   5   2   7  14  18   4   2  12   0   0   8   0   0   0   0   2   1   3 |   c = D
   0   0  12 686   1   0   5   6   2  11   1  12  10   0   1  17   9   0   3   2   1   2   0   2   0   0 |   d = N
   0   7  11   3 584   5   9   3   0   1  11   9  14   2  18  16   5   1   4  26   0   0  33   2   8   1 |   e = G
   8  10   6   2   2 585  18   7   1   0   8   5   5  14   5   3   0  13   6  14   2   5   4   0   5  20 |   f = S
   0   0  16   0   3  17 669   0   0   0   8   1  21   3   0   4   3   0   3   5   0   5   0   3   5   0 |   g = B
   1   0   9   2   2   8   0 703   5   3   3   3   1   3   1   1   3   2   9   0   4   5   6   8   2   5 |   h = A
   2  21  10   1   0  17   3   7 609   0  17   4   2  14   2   6   0   2   7   4   0   4   1   0   0  14 |   i = J
   0   0   0   8   7   0   9   0   0 729   2   1   4   0   1   7  12   0   1   1   0   0   1   6   3   0 |   j = M
   3   7  11   0   1   6   4   0   1   0 703   1   5   2   2   0   0   0   0   8   0   6   2   0  23   2 |   k = X
   0   3  19   5   6   0   2   7   2   4   1 609  11   0  10   8  13   1   1   0   4   0  34   7   2   4 |   l = O
   0   0   9   8  13   7  25   5   0   1   5   2 634   0   0  19   1   1   1   5   0   6   5   0  11   0 |   m = R
  14  10   5   1   6  10  27   1   4   1   5   0   2 623   2   1   3   0  34  14   0   3   4   0   1   4 |   n = F
   0   1   0   2  34   5   0   1   0   2  10  18   4   3 593   4   5   0   0  34   2   0  11   4   3   0 |   o = C
   0   1  23   6   5   1  20   2   2   0   3  17  37   4   1 533   4   0   7   4   1  11   4  10  34   4 |   p = H
   0   0   0   6   5   0   6   2   0  10   0   4   3   0   0   1 699   0   1   0   7   1   1   5   1   0 |   q = W
   0   4   0   3  13  11  14   3   1   0  17   1   7   0   3   8   3 634   0  22   2   3   2   1   9   0 |   r = L
   1   3   2   2   6   0  12   2   0   0   0   0   9  26   0   0   0   0 716   7   1   4  11   0   1   0 |   s = P
   0   3   0   0  19  20  13   0   0   0  12   2   1   6   5   2   0   0   0 642   1   5  13   0  13  11 |   t = E
   3   0   3   1   4   0  14   0   0   8   0   0   6   2   1   4  17   0   3   2 677  17   0   1   1   0 |   u = V
  20   3   2   1   0   1   0   0   1   1   6   0   0  12   0   1   1   0   7   0  12 699  10   5   2   2 |   v = Y
   0   3   7   0  26  11   4   6   0   0   2  21   4   1   0   2   3   7   2   7   4   2 660   0   1  10 |   w = Q
   2   0   0   7   1   0   3   2   0   9   1   7   1   1   9   6  13   1   1   0   1   5   4 732   7   0 |   x = U
   0   1   3   4   5   3  10   0   0   2  20   1  22   1   4  12   2   1   0   7   0   1   2   3 634   1 |   y = K
   0   0   4   0   2  30   0   0   3   0   5   1   3   2   0   0   0   3   2  14   0   3   5   0   0 657 |   z = Z

-----------------------------------------------------------------------------
||                                  Result                                 ||
-----------------------------------------------------------------------------
|| ANN || Neurons: 30 Layers: 2 Epochs: 1800 Learning Rate: 1.25 Momentum: 1.0

Correctly Classified Instances         813                4.065  %
Incorrectly Classified Instances     19187               95.935  %
Kappa statistic                          0     
Mean absolute error                      0.074 
Root mean squared error                  0.1923
Relative absolute error                100      %
Root relative squared error            100      %
Total Number of Instances            20000     

Confusion Matrix
   a   b   c   d   e   f   g   h   i   j   k   l   m   n   o   p   q   r   s   t   u   v   w   x   y   z   <-- classified as
   0   0   0   0   0   0   0   0   0   0   0   0   0   0   0   0   0   0   0   0   0   0   0 796   0   0 |   a = T
   0   0   0   0   0   0   0   0   0   0   0   0   0   0   0   0   0   0   0   0   0   0   0 755   0   0 |   b = I
   0   0   0   0   0   0   0   0   0   0   0   0   0   0   0   0   0   0   0   0   0   0   0 805   0   0 |   c = D
   0   0   0   0   0   0   0   0   0   0   0   0   0   0   0   0   0   0   0   0   0   0   0 783   0   0 |   d = N
   0   0   0   0   0   0   0   0   0   0   0   0   0   0   0   0   0   0   0   0   0   0   0 773   0   0 |   e = G
   0   0   0   0   0   0   0   0   0   0   0   0   0   0   0   0   0   0   0   0   0   0   0 748   0   0 |   f = S
   0   0   0   0   0   0   0   0   0   0   0   0   0   0   0   0   0   0   0   0   0   0   0 766   0   0 |   g = B
   0   0   0   0   0   0   0   0   0   0   0   0   0   0   0   0   0   0   0   0   0   0   0 789   0   0 |   h = A
   0   0   0   0   0   0   0   0   0   0   0   0   0   0   0   0   0   0   0   0   0   0   0 747   0   0 |   i = J
   0   0   0   0   0   0   0   0   0   0   0   0   0   0   0   0   0   0   0   0   0   0   0 792   0   0 |   j = M
   0   0   0   0   0   0   0   0   0   0   0   0   0   0   0   0   0   0   0   0   0   0   0 787   0   0 |   k = X
   0   0   0   0   0   0   0   0   0   0   0   0   0   0   0   0   0   0   0   0   0   0   0 753   0   0 |   l = O
   0   0   0   0   0   0   0   0   0   0   0   0   0   0   0   0   0   0   0   0   0   0   0 758   0   0 |   m = R
   0   0   0   0   0   0   0   0   0   0   0   0   0   0   0   0   0   0   0   0   0   0   0 775   0   0 |   n = F
   0   0   0   0   0   0   0   0   0   0   0   0   0   0   0   0   0   0   0   0   0   0   0 736   0   0 |   o = C
   0   0   0   0   0   0   0   0   0   0   0   0   0   0   0   0   0   0   0   0   0   0   0 734   0   0 |   p = H
   0   0   0   0   0   0   0   0   0   0   0   0   0   0   0   0   0   0   0   0   0   0   0 752   0   0 |   q = W
   0   0   0   0   0   0   0   0   0   0   0   0   0   0   0   0   0   0   0   0   0   0   0 761   0   0 |   r = L
   0   0   0   0   0   0   0   0   0   0   0   0   0   0   0   0   0   0   0   0   0   0   0 803   0   0 |   s = P
   0   0   0   0   0   0   0   0   0   0   0   0   0   0   0   0   0   0   0   0   0   0   0 768   0   0 |   t = E
   0   0   0   0   0   0   0   0   0   0   0   0   0   0   0   0   0   0   0   0   0   0   0 764   0   0 |   u = V
   0   0   0   0   0   0   0   0   0   0   0   0   0   0   0   0   0   0   0   0   0   0   0 786   0   0 |   v = Y
   0   0   0   0   0   0   0   0   0   0   0   0   0   0   0   0   0   0   0   0   0   0   0 783   0   0 |   w = Q
   0   0   0   0   0   0   0   0   0   0   0   0   0   0   0   0   0   0   0   0   0   0   0 813   0   0 |   x = U
   0   0   0   0   0   0   0   0   0   0   0   0   0   0   0   0   0   0   0   0   0   0   0 739   0   0 |   y = K
   0   0   0   0   0   0   0   0   0   0   0   0   0   0   0   0   0   0   0   0   0   0   0 734   0   0 |   z = Z

-----------------------------------------------------------------------------
||                                  Result                                 ||
-----------------------------------------------------------------------------
|| ANN || Neurons: 23 Layers: 1 Epochs: 400 Learning Rate: 4.0 Momentum: 1.0

Correctly Classified Instances         813                4.065  %
Incorrectly Classified Instances     19187               95.935  %
Kappa statistic                          0     
Mean absolute error                      0.074 
Root mean squared error                  0.1923
Relative absolute error                100      %
Root relative squared error            100      %
Total Number of Instances            20000     

Confusion Matrix
   a   b   c   d   e   f   g   h   i   j   k   l   m   n   o   p   q   r   s   t   u   v   w   x   y   z   <-- classified as
   0   0   0   0   0   0   0   0   0   0   0   0   0   0   0   0   0   0   0   0   0   0   0 796   0   0 |   a = T
   0   0   0   0   0   0   0   0   0   0   0   0   0   0   0   0   0   0   0   0   0   0   0 755   0   0 |   b = I
   0   0   0   0   0   0   0   0   0   0   0   0   0   0   0   0   0   0   0   0   0   0   0 805   0   0 |   c = D
   0   0   0   0   0   0   0   0   0   0   0   0   0   0   0   0   0   0   0   0   0   0   0 783   0   0 |   d = N
   0   0   0   0   0   0   0   0   0   0   0   0   0   0   0   0   0   0   0   0   0   0   0 773   0   0 |   e = G
   0   0   0   0   0   0   0   0   0   0   0   0   0   0   0   0   0   0   0   0   0   0   0 748   0   0 |   f = S
   0   0   0   0   0   0   0   0   0   0   0   0   0   0   0   0   0   0   0   0   0   0   0 766   0   0 |   g = B
   0   0   0   0   0   0   0   0   0   0   0   0   0   0   0   0   0   0   0   0   0   0   0 789   0   0 |   h = A
   0   0   0   0   0   0   0   0   0   0   0   0   0   0   0   0   0   0   0   0   0   0   0 747   0   0 |   i = J
   0   0   0   0   0   0   0   0   0   0   0   0   0   0   0   0   0   0   0   0   0   0   0 792   0   0 |   j = M
   0   0   0   0   0   0   0   0   0   0   0   0   0   0   0   0   0   0   0   0   0   0   0 787   0   0 |   k = X
   0   0   0   0   0   0   0   0   0   0   0   0   0   0   0   0   0   0   0   0   0   0   0 753   0   0 |   l = O
   0   0   0   0   0   0   0   0   0   0   0   0   0   0   0   0   0   0   0   0   0   0   0 758   0   0 |   m = R
   0   0   0   0   0   0   0   0   0   0   0   0   0   0   0   0   0   0   0   0   0   0   0 775   0   0 |   n = F
   0   0   0   0   0   0   0   0   0   0   0   0   0   0   0   0   0   0   0   0   0   0   0 736   0   0 |   o = C
   0   0   0   0   0   0   0   0   0   0   0   0   0   0   0   0   0   0   0   0   0   0   0 734   0   0 |   p = H
   0   0   0   0   0   0   0   0   0   0   0   0   0   0   0   0   0   0   0   0   0   0   0 752   0   0 |   q = W
   0   0   0   0   0   0   0   0   0   0   0   0   0   0   0   0   0   0   0   0   0   0   0 761   0   0 |   r = L
   0   0   0   0   0   0   0   0   0   0   0   0   0   0   0   0   0   0   0   0   0   0   0 803   0   0 |   s = P
   0   0   0   0   0   0   0   0   0   0   0   0   0   0   0   0   0   0   0   0   0   0   0 768   0   0 |   t = E
   0   0   0   0   0   0   0   0   0   0   0   0   0   0   0   0   0   0   0   0   0   0   0 764   0   0 |   u = V
   0   0   0   0   0   0   0   0   0   0   0   0   0   0   0   0   0   0   0   0   0   0   0 786   0   0 |   v = Y
   0   0   0   0   0   0   0   0   0   0   0   0   0   0   0   0   0   0   0   0   0   0   0 783   0   0 |   w = Q
   0   0   0   0   0   0   0   0   0   0   0   0   0   0   0   0   0   0   0   0   0   0   0 813   0   0 |   x = U
   0   0   0   0   0   0   0   0   0   0   0   0   0   0   0   0   0   0   0   0   0   0   0 739   0   0 |   y = K
   0   0   0   0   0   0   0   0   0   0   0   0   0   0   0   0   0   0   0   0   0   0   0 734   0   0 |   z = Z

-----------------------------------------------------------------------------
||                                  Result                                 ||
-----------------------------------------------------------------------------
|| ANN || Neurons: 27 Layers: 2 Epochs: 200 Learning Rate: 3.25 Momentum: 2.5

Correctly Classified Instances       17171               85.855  %
Incorrectly Classified Instances      2829               14.145  %
Kappa statistic                          0.8529
Mean absolute error                      0.0127
Root mean squared error                  0.0963
Relative absolute error                 17.1953 %
Root relative squared error             50.0726 %
Total Number of Instances            20000     

Confusion Matrix
   a   b   c   d   e   f   g   h   i   j   k   l   m   n   o   p   q   r   s   t   u   v   w   x   y   z   <-- classified as
 657   2  12   0  18   5   4   0   0   0   7   4   7  11   0  10   0   0   0  15   2  17   2   2   7  14 |   a = T
   1 648   7   0   0  15   2   2   8   0   9   0   0  20   2   0   0   2  13   4   0   2   3   0   0  17 |   b = I
   0   0 719   5   0   5   5   2   1   0   8  11   6   3   0  19   0   0   6   0   0   1   0  10   2   2 |   c = D
   1   0  16 694   4   0   3   0   1  12   0  13  14   3   0   6   4   0   3   0   1   3   0   3   2   0 |   d = N
   0   2   7   1 632  10   5   2   0   1   6   8   8   5   5   6   2   9   5  11   3   4  22   2  11   6 |   e = G
   2   2   8   0   4 616  16   5   7   1  11   4   2   8   4   1   0   7   1   9   1   7   4   0   1  27 |   f = S
   0   0  23   1   2  26 649   0   0   0   2   0  23   3   0   6   0   0   1  20   0   3   1   0   4   2 |   g = B
   0   0   5   5   0  11   1 700   2   7   1   1   5   0   1   5   0   2   3   0   9   9   7   7   3   5 |   h = A
   1  20   6   3   1  11   1   5 601   0  13   2   4  23   0   3   0   1   5   0   0   1   4   4   0  38 |   i = J
   0   0   1   5  11   0   7   6   0 738   0   5   3   0   0   2   5   0   1   3   0   1   0   2   1   1 |   j = M
   3   2   9   0   2   5   2   0   1   0 723   3   2   4   1   0   0   1   0  11   0   3   5   1   7   2 |   k = X
   0   0   6   0   7   4   2   8   0  11   1 635   5   1   3  16  12   1   4   0   0   1  29   7   0   0 |   l = O
   0   0  15   7   8   2  34   2   1   0   6   2 647   1   0   9   0   1   1   3   0   0   5   1  13   0 |   m = R
  14   6   3   2   8  14  15   1   1   0   7   1   0 641   1   2   3   0  21  14   3  10   1   0   0   7 |   n = F
   1   2   1   2  37   9   0   0   1   4   1  15   1   1 592   8   1   0   0  26   0   0   9  13  12   0 |   o = C
   0   0  20   7  10   5  17   0   0   1   8   8  45   6   1 536   0   1   7   3   3  11   6   7  29   3 |   p = H
   0   0   4   7   7   0   5   0   0  15   0   6  12   0   0   1 682   0   0   0   1   1   4   4   2   1 |   q = W
   0   0   3   2  11  14   8   0   0   0  22   1  15   1   0   6   0 645   0  13   0   2   6   2   7   3 |   r = L
   0   3   8   0  15   3   7   0   0   0   1   1   3  32   0   4   1   0 707   1   1  10   6   0   0   0 |   s = P
   2   3   0   0  16  10   7   0   0   0  12   0   5   4  12   1   0   1   2 637   0   1  25   0   8  22 |   t = E
   3   1   0   5  13   0  14   0   0   0   0   5   4   0   0   2   6   0   5   8 651  40   4   2   0   1 |   u = V
  16   1   3   0   0   6   3   0   0   2   3   0   0   9   0   0   1   0   2   0   9 725   2   1   1   2 |   v = Y
   0   1   7   0  15  13   8   5   0   0   3  23   4   0   0   0   2   3   3  27   0   5 647   0   2  15 |   w = Q
   0   0   4   3   7   1   4   3   1  17   0   3   2   3   2   6   2   0   0   0   2   8   3 740   2   0 |   x = U
   0   0   3   4   4   0   3   2   0   3  30   3  28   2   2  12   0   2   1  10   2   0   1   1 626   0 |   y = K
   0   6   1   0   1  21   0   1   0   0   2   0   0   1   0   0   0   6   0   5   0   4   3   0   0 683 |   z = Z

-----------------------------------------------------------------------------
||                                  Result                                 ||
-----------------------------------------------------------------------------
|| ANN || Neurons: 17 Layers: 1 Epochs: 1200 Learning Rate: 1.75 Momentum: 2.75

Correctly Classified Instances       16133               80.665  %
Incorrectly Classified Instances      3867               19.335  %
Kappa statistic                          0.7989
Mean absolute error                      0.0169
Root mean squared error                  0.1141
Relative absolute error                 22.9046 %
Root relative squared error             59.3364 %
Total Number of Instances            20000     

Confusion Matrix
   a   b   c   d   e   f   g   h   i   j   k   l   m   n   o   p   q   r   s   t   u   v   w   x   y   z   <-- classified as
 660   0   9   1   7   9  16   0   2   0  15   2  14   4   0   6   1   0   4  21   0   8   2   4   5   6 |   a = T
   6 591  13   0   0  18   8   2  18   0  16  11   6   7   3   0   0   4  20   6   0   8   1   0   0  17 |   b = I
   0   0 652   5   0   2  31   7   2  11  10  21  34   1   0  11   0   1   3   0   0   2   2   5   2   3 |   c = D
   0   0  28 641   0   0   8   2   0  18   1  14  19   6   1  18  11   0   3   0   1   4   0   3   5   0 |   d = N
   0   1  15   0 530   6  11  17   2   8   4  11  31   0  19   7   2   3  14   2   4   4  46   3  32   1 |   e = G
   3   3   8   0   1 479  51  15  10   0  30   8  33   2   3   0   0   6   8  19   0  27   4   1   3  34 |   f = S
   0   1  22   0   1  10 630   0   0   0   8   5  66   3   0   1   0   1   3   3   1   2   2   0   6   1 |   g = B
   0   0  17   2   1   6   4 694   5   7   2   2   8   0   0   4   6   1   1   0   0  17   2   8   0   2 |   h = A
   0   6  22   0   0   9   8   6 634   2  16   7   3   1   3   0   0   4   2   4   0   2   2   3   0  13 |   i = J
   0   0   3  25   0   0   9   2   0 707   0   0  20   1   0   8  10   0   0   0   2   0   0   4   1   0 |   j = M
   4   6  14   0  16   6   7   1   2   0 626   4   8   0   0   5   0   0   2  15   1  11   7   4  42   6 |   k = X
   2   1  28   2   1   1   3  10   1   6   1 586  34   3   3  13  19   3   8   0   4   0  18   5   1   0 |   l = O
   0   0  15   1   3   2  30   1   0   8   5   4 645   0   2  13   1   0   0   2   0   0   7   0  19   0 |   m = R
  21   0  24   3   5  18  25   0   9   0  11   0   6 556   4   7   6   0  48  20   0   8   2   1   0   1 |   n = F
   2   3   1   0  35   6   0   1   2   2   4   8   6   2 581   9   2   2   0  14   0   0   8   8  40   0 |   o = C
   0   0  29   3   4   0  26   0   3   8   3  11  62   5   6 472  10   0  11   3   0   4  10  24  38   2 |   p = H
   0   0   2   4   0   0  10   1   0  18   0   3  28   0   2   1 670   0   0   0   2   1   2   8   0   0 |   q = W
   2   0   5   1  16   4  16   3   3   0  22   0  11   1   8   2   0 607   1  28   0   9   7   3   4   8 |   r = L
   0   1   4   0   3   3   9   0   0   1   0   5  12  29   2   2   3   0 703   1   2   6  16   0   1   0 |   s = P
   0   2   0   0  15  27  10   0   0   0  21   0  11   1  21   0   0   1   0 581   0   2  25   1  30  20 |   t = E
   2   0   3   0   0   0  19   0   0   1   0   4  14   3   1   2  18   0   5   0 656  25   9   2   0   0 |   u = V
  14   3  10   0   0   0   1   0   0   2   3   0   2   8   0   0   3   0  12   1  20 692   7   6   1   1 |   v = Y
   1   5   7   0   8  10  18  17   1   4   2  38  15   0   7   0   1   5   2  11   5   2 605   1   1  17 |   w = Q
   1   1   8   9   0   0   2   0   1  21   0  19   5   0   4  17   2   1   0   0   0   0   6 710   6   0 |   x = U
   1   0   6   2   4   0  13   1   0   4  30   1  43   0   2  11   2   0   0   6   1   0   0   6 606   0 |   y = K
   1   0   6   0   4  31   5   2  18   0   9   0   2   1   0   0   0   4   1  26   0   1   4   0   0 619 |   z = Z

-----------------------------------------------------------------------------
||                                  Result                                 ||
-----------------------------------------------------------------------------
|| ANN || Neurons: 16 Layers: 1 Epochs: 1600 Learning Rate: 1.0 Momentum: 1.25

Correctly Classified Instances       15468               77.34   %
Incorrectly Classified Instances      4532               22.66   %
Kappa statistic                          0.7643
Mean absolute error                      0.0182
Root mean squared error                  0.1275
Relative absolute error                 24.6617 %
Root relative squared error             66.3199 %
Total Number of Instances            20000     

Confusion Matrix
   a   b   c   d   e   f   g   h   i   j   k   l   m   n   o   p   q   r   s   t   u   v   w   x   y   z   <-- classified as
 621   5   8   1   9  18  11   0   1   1   7   0   3  15   0   7   1   1   5  19   2  26   0   2  17  16 |   a = T
   3 617  19   0   0  22  10   3   2   0   8   9   2   5   8   0   0   3  20   4   1   7   1   0   0  11 |   b = I
   0   4 625   9   0   3  28   6   3   9  17  16  30   4   2  26   0   4  11   1   0   2   0   4   1   0 |   c = D
   7   0  19 634   0   0   5   4   0  11   6  12   8   1   0  21  17   2  12   0   7   1   0   9   7   0 |   d = N
   0   3   9   0 502  15   8  12   0   4   7  32  20   1  24   4   6   0  13  12   2   2  54   7  26  10 |   e = G
   2  10   8   0   3 444  43  21   9   0  20  25  12  17   3   1   0  20   9  25   1   7  12   0   3  53 |   f = S
   0   6  26   0   1  18 556   3   1   1  12  13  52   4   2   0   2   1  20  16   0   2   8   1  16   5 |   g = B
   0   1   4   0   0  12   4 699   3   3   6   2   5   3   1   7   9   1   3   1   2   6   4   6   4   3 |   h = A
   3   6  13   3   0  15   6  11 566   0   8   5   3   9   3   9   0   1  34   5   2  10   4   1   0  30 |   i = J
   1   0   3  17   0   0   8   4   0 709   0   3   8   0   0   3  15   1   3   1   0   0   5   4   7   0 |   j = M
   3  12  16   0   6  18  10   0   1   0 602   4   7   1   4   4   7   9   3  14   0  13   1   8  28  16 |   k = X
   0   1  25   2   7   0   2   9   1   6   3 576  19   1   3  23  15   3  12   0  10   0  16  10   7   2 |   l = O
   0   0  20   3   4   1  29   8   2   6  15   6 582   0   0   8   2   4  12  12   0   0  11   0  32   1 |   m = R
  18  13  16   2   5  16  14   0   3   1   8   3   2 563   7   4   2   1  58  16   1  10   4   2   1   5 |   n = F
   3   0   2   3  28   1   0   1   0   6   0  19   0   1 563   3  12   8   2  23   2   0   4  12  37   6 |   o = C
   1   0  36  19   8   2   8   5   0  11  19  48  44   3   3 406   5   0  16  14  12   7   5  22  34   6 |   p = H
   0   0   1  10   0   0   3   8   0  21   0   8  10   0   0   1 661   0   6   5   2   0   5   7   4   0 |   q = W
   0   1   3   1  16  28  13   7   1   0  11   4   9   0   8   2   0 601   0  25   0   5   2   1  11  12 |   r = L
   1   2   9   0   7   3   9   2   0   1   1  12  10  28   2   1   4   0 689   1   3   8   6   0   4   0 |   s = P
   0   0   1   0  11  33  12   0   0   0  13   9   8   9   8   2   0  10   6 553   0   1  23   0  19  50 |   t = E
   4   0   2   3   0   3  12   2   0   3   0   8   4   2   1   3  19   0   9   2 647  24  11   2   3   0 |   u = V
  30   1   4   0   0  17   4   5   3   4   5   2   0  36   1   2   0   1  18   0  34 588  20   6   3   2 |   v = Y
   0   1   4   0  25  13   4  26   1   0   7  37  12   0   3   3   2  12   3   6   4   0 564   3   8  45 |   w = Q
   3   0   8   4   0   1   1   4   1  28   2  24   4   0   2   4  14   1   0   1   1   1   4 700   5   0 |   x = U
   1   0   3   8   4   0   8   6   1   3  42   7  28   0   7  11   3   0   5  22   6   0   1   9 564   0 |   y = K
   0   9   3   0   0  31   4   4   0   0   5   0   6   0   2   0   0   2   2  22   0   3   5   0   0 636 |   z = Z

-----------------------------------------------------------------------------
||                                  Result                                 ||
-----------------------------------------------------------------------------
|| ANN || Neurons: 37 Layers: 2 Epochs: 400 Learning Rate: 1.75 Momentum: 2.5

Correctly Classified Instances       17676               88.38   %
Incorrectly Classified Instances      2324               11.62   %
Kappa statistic                          0.8791
Mean absolute error                      0.01  
Root mean squared error                  0.0886
Relative absolute error                 13.561  %
Root relative squared error             46.0684 %
Total Number of Instances            20000     

Confusion Matrix
   a   b   c   d   e   f   g   h   i   j   k   l   m   n   o   p   q   r   s   t   u   v   w   x   y   z   <-- classified as
 667   1   3   0  10   7   9   0   0   0  13   4  10   7   0  12   0   3   0  21   1  10   1   3   2  12 |   a = T
   0 665   4   0   1  14   4   0  21   0   8   0   0  11   0   0   0   8  10   5   0   2   0   0   0   2 |   b = I
   1   0 733   4   0   5  11   2   3   0   4   9   6   0   0  15   2   0   3   1   0   1   0   3   0   2 |   c = D
   0   0  19 706   1   0   2   1   2   8   0  13   6   5   1   7   2   0   2   0   0   1   0   6   1   0 |   d = N
   0   8   5   0 648   7   5   7  11   1   3   6   9   2   7   1   6   4   2   8   0   0  22   3   3   5 |   e = G
   3   3   6   1   0 668  13   2   3   0   2   3   3   7   0   0   0   2   2  16   1   3   1   0   1   8 |   f = S
   0   0  10   1   5  11 696   0   0   0   6   0  11   0   0   5   0   1   2   7   0   3   0   2   5   1 |   g = B
   0   0   2   4   1  10   5 710   4   7   1   0   2   2   3   4   2   2   2   2   2  10   1   6   4   3 |   h = A
   0   9   4   1   0   7   2   2 690   1   7   1   0   5   0   3   0   1   1   5   0   5   0   0   0   3 |   i = J
   0   0   0   9  11   0   9   1   1 739   0   3   3   3   0   2   5   0   0   0   0   0   0   6   0   0 |   j = M
   0   2   6   0   0   1   2   0   0   0 744   1   6   0   0   0   0   1   0   5   0   6   2   2   8   1 |   k = X
   0   0  16   5  12   2   2   2   2   4   2 640   8   2   1   3  10   0   1   0   3   0  24  10   3   1 |   l = O
   0   0  12   9   5   3  22   4   1   1   5   3 652   0   1  10   0   1   0   2   0   0   7   2  17   1 |   m = R
   8   4   5   3   3  11  13   0   9   0   2   1   1 660   0   4   2   0  15  23   1   4   2   0   1   3 |   n = F
   0   4   0   2  32   1   0   0   0   4   1  21   6   1 583   8   2   8   0  31   1   0   1  10  20   0 |   o = C
   0   0  25   5   3   4  22   4   9   1   3  11  27   8   0 563   4   1   2   3   5   5   7   5  17   0 |   p = H
   0   0   1   9   4   0   4   0   0   7   0   5   8   0   0   1 701   0   0   2   0   0   3   4   3   0 |   q = W
   2   1   3   1   7  10   4   2   3   0  16   1   9   0   1   6   1 653   0  23   0   3   4   3   8   0 |   r = L
   1   0   5   0   9   2   3   0   0   0   0   2   2  25   3   2   1   2 726   7   1   3   7   0   2   0 |   s = P
   1   0   0   0  15  11   9   0   2   0   6   0   2   1   8   1   0   1   0 679   0   1   8   0   7  16 |   t = E
   1   0   1   3   6   3  18   0   0   2   0   4   4   1   0   2  14   0   9   4 676   9   1   5   1   0 |   u = V
  10   0   0   0   0   2   1   1   2   1   2   0   0   3   1   0   1   0   1   0  12 741   6   2   0   0 |   v = Y
   0   1   7   0   5  16  11  10   3   1   4  15   4   3   0   1   0  11   0  13   2   1 631   2   9  33 |   w = Q
   0   0   2   3   3   0   0   3   0  11   0   4   0   1   1   3   3   1   0   0   1   2   1 773   1   0 |   x = U
   1   0   2   0   7   0   1   1   0   0  13   0  15   1   1  17   1   1   0   6   0   0   0   4 668   0 |   y = K
   1   0   1   0   0  25   5   1  11   0   2   0   3   5   0   1   0   5   0   7   0   2   1   0   0 664 |   z = Z

-----------------------------------------------------------------------------
