||                                  Result                                 ||
-----------------------------------------------------------------------------
|| ANN || Neurons: 16 Layers: 1 Epochs: 200 Learning Rate: 4.0 Momentum: 2.25

Correctly Classified Instances       15881               79.405  %
Incorrectly Classified Instances      4119               20.595  %
Kappa statistic                          0.7858
Mean absolute error                      0.0188
Root mean squared error                  0.1156
Relative absolute error                 25.4354 %
Root relative squared error             60.1358 %
Total Number of Instances            20000     

Confusion Matrix
   a   b   c   d   e   f   g   h   i   j   k   l   m   n   o   p   q   r   s   t   u   v   w   x   y   z   <-- classified as
 659   0  12   0   8   6   8   3   0   1   7   5   0  11   4   1   0   0   0  15   1  12   9   0  14  20 |   a = T
   2 612  11   0   1  26  12   3   9   0  19   5   1   6   3   1   0   0  16   5   0   3   2   0   0  18 |   b = I
   0   0 711   3   1   1  11   3   0  14   8  21  22   2   0   2   0   1   0   0   0   1   0   4   0   0 |   c = D
   2   0  28 640   0   1   1   7   2  17   2  15  11   0   2   8   9   0   7   1   1   1   2   8  16   2 |   d = N
   0   0  11   0 557  13   7  11   0   1  15  16  12   3  12   1   1   1  11  11   4   2  51   0  30   3 |   e = G
   6   7  10   0   5 518  28  15   9   0  30  13  13   7   5   0   0   4   8  19   0  10  13   0   4  24 |   f = S
   0   0  52   0   1  18 542   5   0   0  22   6  50   3   1   0   0   0   7  15   0   2  19   0  17   6 |   g = B
   0   0   7   0   0  10   3 708   4   9   4   3   3   0   1   1   7   3   0   0   0  11   5   6   3   1 |   h = A
   6  15  11   0   0  22   8   8 569   2  24   6   2  16   1   1   0   1  15   0   0  10   3   0   2  25 |   i = J
   0   0   6  10   3   0   0   2   0 731   0   2   6   2   0   5  12   0   2   3   0   0   5   0   3   0 |   j = M
   3   6  15   0   9   8   4   0   2   0 632   1   0   0   1   1   0   3   4   8   1   9  43   7  27   3 |   k = X
   0   0  16   1   9   0   2   6   0   5   4 612  19   0   7   3  11   0  12   1   9   0  30   4   2   0 |   l = O
   0   0  27   0  10   2  17  14   4   2   9   6 590   1   2   3   0   1  11   5   1   0  13   1  39   0 |   m = R
  18   9  13   1   1  14  17   3   0   0  17   1   7 582   2   0   5   0  40  15   1   8   5   0   4  12 |   n = F
   5   1   2   0  10   5   0   0   0   3   8  14   0   6 568   2   1   4   2  26   1   1  18   8  51   0 |   o = C
   0   0  74  15  31   0   7  10   5  14   9  47  49  11   8 280   4   1   8   5  15  19  13  33  75   1 |   p = H
   0   0   8   5   1   0   1   4   0  17   0   2  14   0   2   1 656   0   6   7   0   0  16   7   5   0 |   q = W
   0   3   3   0  22  10  14   5   5   0  17   1   9   4   4   2   0 590   3  22   0   7  13   0  13  14 |   r = L
   0   3   8   3  14   0  12   0   0   0   0   2   8  33   1   0   2   1 691   1   1  10   9   0   4   0 |   s = P
   3   5   4   0  14  17   7   0   1   0  32   0   7   4   6   1   0   0   3 595   1   2  21   0  14  31 |   t = E
   2   0  12   0   3   0   6   3   0   2   3   2   3   0   1   1  10   0  12   6 668  13  14   1   2   0 |   u = V
  21   0   5   0   0   9   0   1   2   2   6   0   0  11   0   1   0   0  20   1  16 652  34   5   0   0 |   v = Y
   0   4   5   0  24   9   5  12   1   2  10  39   1   0   2   0   1   6   4  21   1   4 598   0   6  28 |   w = Q
   1   0   4   8   1   0   0   2   0  33   1  16   4   0  10   2   3   1   1   0   1   5  18 699   3   0 |   x = U
   0   0   4   9   3   1   2   7   0   6  26   4  36   0   1   6   0   0   1   8   1   1   6  12 605   0 |   y = K
   4   6   3   0   5  47   1   8   1   0   4   0   3   2   1   0   0   4   1  14   0   7   7   0   0 616 |   z = Z

-----------------------------------------------------------------------------
||                                  Result                                 ||
-----------------------------------------------------------------------------
|| ANN || Neurons: 26 Layers: 2 Epochs: 200 Learning Rate: 3.25 Momentum: 2.25

Correctly Classified Instances       17118               85.59   %
Incorrectly Classified Instances      2882               14.41   %
Kappa statistic                          0.8501
Mean absolute error                      0.0128
Root mean squared error                  0.096 
Relative absolute error                 17.3407 %
Root relative squared error             49.9371 %
Total Number of Instances            20000     

Confusion Matrix
   a   b   c   d   e   f   g   h   i   j   k   l   m   n   o   p   q   r   s   t   u   v   w   x   y   z   <-- classified as
 652   1   4   1  16   4   8   0   1   0  11   4   4  26   2   6   0   3   0  25   1   7   2   7   6   5 |   a = T
   1 629  16   0   0  17   7   0   6   1  14   1   1  23   4   0   0   4  12   3   1   2   3   0   1   9 |   b = I
   4   0 701   3   1   1  13   3   4   4   7   9  12   6   0  26   0   0   4   0   0   0   1   2   1   3 |   c = D
   0   0  17 693   1   0   7   5   2  10   1   5   5   1   1  19   6   0   2   0   1   3   0   4   0   0 |   d = N
   0   5  12   2 589   4   6   2   1   5  15   9  12   8  15  10   8   2   5  22   0   4  19   3  10   5 |   e = G
   6   6   9   0   1 600  19   7   2   0   7   4   6  11   2   4   0  10   4  15   5   7   4   0   3  16 |   f = S
   1   0  19   0   5  13 673   0   2   0   3   0  24   2   0   5   0   0   2   8   0   6   1   0   2   0 |   g = B
   0   0   9   1   1   8   3 710   4   2   1   1   1   2   3   0   1   3   7   0   3   9   5  11   3   1 |   h = A
   0  18   8   4   1  18   0   2 607   0  13   4   1  23   0   5   0   2  11   6   0   6   4   2   0  12 |   i = J
   0   0   2   6   5   0  11   3   0 737   0   3   2   0   0   4  14   0   0   3   0   0   0   0   2   0 |   j = M
   1   1   7   0   1   4   4   0   0   0 720   2   1   4   0   0   0   2   0   7   0   5   0   0  26   2 |   k = X
   0   0  25   7   7   4   0   3   0   5   2 626  16   0   4   8  13   4   2   0   1   0  17   6   1   2 |   l = O
   0   0  14  16   8   2  25   5   0   3   7   2 637   0   0  12   1   1   1   5   0   2   2   0  13   2 |   m = R
  16   9   5   3   4   8  16   0   2   0   3   0   1 648   0   1   1   2  22  21   1   1   2   1   0   8 |   n = F
   1   0   0   0  33   2   0   3   2   2   6  14   1   0 597   3   2   0   0  28   0   0  12  11  19   0 |   o = C
   0   0  20   5   5   0  14   4   0   5   3   9  35   6   1 558   5   0   8   1   4  10   6  12  21   2 |   p = H
   0   0   0   6   1   0   4   0   0  18   0   9   3   0   1   2 693   0   2   0   0   0   4   3   6   0 |   q = W
   0   6   0   0  16  11   6   3   4   0  21   1   6   0   9   6   4 627   0  22   0   8   2   3   6   0 |   r = L
   3   1   5   0   8   0   8   1   0   0   0   1   7  32   0   1   1   0 716   5   1   2   8   0   2   1 |   s = P
   3   2   1   0  22  14  10   0   0   0   6   0   3   2   7   0   0   0   0 667   0   1   6   0  15   9 |   t = E
   1   0   3   4   4   0  15   0   0   2   0   1   9   3   0   4  18   0   3   1 670  19   2   2   3   0 |   u = V
  15   0   0   0   0   2   1   0   3   1   2   0   1  11   0   3   1   2   8   0  13 714   3   4   2   0 |   v = Y
   2   1   9   0  26  25  12   3   0   0   4  20   4   3   0   2   1  12   6   8   1   1 632   1   2   8 |   w = Q
   1   1   2   9   0   0   4   2   1  10   0   5   0   0   6  12  14   1   0   0   0   1   3 737   4   0 |   x = U
   0   0   4   4   6   0   9   0   0   2  21   1  18   0   1  16   4   2   0   4   2   1   1   2 639   2 |   y = K
   1   1   1   0   1  26   3   0   8   0   7   0   1   1   0   0   0   4   2  21   0   3   8   0   0 646 |   z = Z

-----------------------------------------------------------------------------
||                                  Result                                 ||
-----------------------------------------------------------------------------
|| ANN || Neurons: 32 Layers: 2 Epochs: 200 Learning Rate: 4.0 Momentum: 1.25

Correctly Classified Instances       17534               87.67   %
Incorrectly Classified Instances      2466               12.33   %
Kappa statistic                          0.8718
Mean absolute error                      0.011 
Root mean squared error                  0.0899
Relative absolute error                 14.8513 %
Root relative squared error             46.7679 %
Total Number of Instances            20000     

Confusion Matrix
   a   b   c   d   e   f   g   h   i   j   k   l   m   n   o   p   q   r   s   t   u   v   w   x   y   z   <-- classified as
 650   0   4   3  15   5   6   0   0   1   8   3   7  15   1   8   0   4   0  16   1  18   3   6   4  18 |   a = T
   0 677   4   0   2   9   4   0  16   0  10   1   3   8   2   0   0   0   3   5   0   1   5   1   1   3 |   b = I
   0   1 707   6   0   5  11   4   3   4   5   8  19   0   0  19   0   0   3   0   0   1   0   6   3   0 |   c = D
   1   0   8 698   0   2   4   3   1   7   0  14  19   2   0   8   4   0   0   0   2   2   0   5   3   0 |   d = N
   0   3  12   1 637  11   3  12   6   1   7   7   3   4  15   2   1   4   1   9   5   3  16   1   6   3 |   e = G
   0   3   5   0   0 647  11   3  10   0   7   0   3   4   2   0   0   8   0  24   2   3   6   0   3   7 |   f = S
   0   4   9   2   4  16 674   0   0   0   3   0  28   2   0   1   0   0   3   7   0   5   2   0   4   2 |   g = B
   1   1   2   5   1   1   3 721   6   3   0   0   3   0   2   0   1   1   4   0   3  13   1  12   2   3 |   h = A
   0  15   3   3   0   5   3   6 644   1   7   4   3  17   2   3   0   1   3   5   1   0   3   2   1  15 |   i = J
   0   0   0   4  14   1   6   2   0 742   0   1   2   1   1   3   6   0   0   0   1   1   4   2   1   0 |   j = M
   3   5  10   0   2   5   1   1   5   0 722   1   1   0   0   3   0   0   0   6   0   4   2   1  14   1 |   k = X
   0   0   8   3  12   0   3  15   4   4   5 616   9   0   2   6  16   3   2   1   9   0  25   8   2   0 |   l = O
   0   0   8   8   4   5  14   2   0   0   4   0 684   1   2   8   1   4   1   0   0   1   2   1   8   0 |   m = R
  13  11   1   2   7  14  14   0   3   0   5   0   3 636   1   0   3   0  25  23   0   8   3   0   0   3 |   n = F
   1   1   0   3  24   4   0   1   1   2   6  12   5   2 621   4   2   3   0  20   0   0   3  10  11   0 |   o = C
   1   2  20  10   6   1  14   6   4   1   6   4  32   5   1 557   0   0   6   3   6   9   9   5  25   1 |   p = H
   0   1   0   7   7   0   6   8   0   4   0   1   6   0   0   4 687   0   0   0   7   0   1   7   6   0 |   q = W
   0   0   0   1  17   9   6   0   2   1  12   2   6   2   8   2   0 664   0  17   1   0   6   1   2   2 |   r = L
   0   5   0   0  12   2   6   1   0   0   0   3   5  25   2   2   1   0 721   4   2   4   7   0   1   0 |   s = P
   0   0   0   0  24  11   2   0   0   0   5   0   2   0   6   1   0   3   0 689   0   2   9   0   4  10 |   t = E
   0   0   3   2   7   1  13   0   0   1   0   1   6   0   0   3   4   1   0   4 709   8   1   0   0   0 |   u = V
  23   0   0   1   0   0   1   1   0   2   3   0   0   8   0   0   0   0   6   0   8 721   7   4   0   1 |   v = Y
   0   3  10   0   8  11   2  16   4   0   7  12   4   1   2   0   2   0   1  11   0   5 653   0   4  27 |   w = Q
   0   1   2   7   2   0   0   6   0  13   0   3   2   2   5   6   5   0   0   0   5   2   1 747   4   0 |   x = U
   0   0   4   5   3   1   2   5   0   1  16   0  26   1   3  12   0   1   0   3   0   0   0   1 654   1 |   y = K
   1   1   7   0   0  16   4   7  11   1   9   0   1   1   0   0   0   8   0   8   0   2   1   0   0 656 |   z = Z

-----------------------------------------------------------------------------
||                                  Result                                 ||
-----------------------------------------------------------------------------
|| ANN || Neurons: 16 Layers: 2 Epochs: 1000 Learning Rate: 3.75 Momentum: 2.25

Correctly Classified Instances       16033               80.165  %
Incorrectly Classified Instances      3967               19.835  %
Kappa statistic                          0.7937
Mean absolute error                      0.0173
Root mean squared error                  0.1135
Relative absolute error                 23.3519 %
Root relative squared error             59.025  %
Total Number of Instances            20000     

Confusion Matrix
   a   b   c   d   e   f   g   h   i   j   k   l   m   n   o   p   q   r   s   t   u   v   w   x   y   z   <-- classified as
 644   2   6   4   5   8  16   0   0   2  10   5   9   6   0   9   1   0   0  22   2  28   4   2   2   9 |   a = T
   4 593  11   0   2  36  11   1  15   0  11   2   1  10   2   1   0   8  13   2   1   3   6   2  15   5 |   b = I
   2   0 672   7   0   4  24   4   3   6   8   9  12   6   1  22   1   0   6   0   0   0   2   6   9   1 |   c = D
   0   0  15 657   0   0   5   7   1  27   1  12   6   8   0  13  11   1   2   0   0   1   2  10   3   1 |   d = N
   0   6  11   4 559   5  12   8   2   1   6  12  20   5   9  11   3   8   2  17   1   2  45   2  15   7 |   e = G
   5   5  15   0  10 525  44   5   3   0  16   9   5  10   2   1   0  19   3  27   2   7   3   2   4  26 |   f = S
   0   1  18   0   5  34 599   1   1   0   6   2  54   2   0   7   0   3   6  15   0   1   3   2   4   2 |   g = B
   2   0  16   8   0   5   9 688   5   9   7   0   1   1   1   3   3   4   2   0   1   4   7   8   2   3 |   h = A
   9  16  20   2   0  11  12   4 584   0  10   8   1  19   1   6   0   9   3   6   0   3   2   3   1  17 |   i = J
   0   0   6  15   7   0  10   1   0 726   0   2   4   0   0   9   6   0   0   0   0   0   0   4   2   0 |   j = M
   2   3  14   0   2  12  16   3   0   0 644   1   7   4   0   4   0   0   0  18   0   7  21   3  20   6 |   k = X
   0   0  18   8  12   2   3   3   0   6   1 604  16   0   3  23  12   2   3   1   5   0  24   3   4   0 |   l = O
   0   0  25   3   3   1  44   3   0   2   2  19 578   6   2  33   0   4   2   8   0   1   5   0  16   1 |   m = R
  22   4   8   4   4  19  22   0   1   1  12   0   2 589   2   9   2   6  24  15   2  12   8   1   2   4 |   n = F
   7   3   6   1  35   6   2   5   1   8   6  21   6   9 534  10   2   1   1  24   0   2   8  14  24   0 |   o = C
   0   0  23  20   6   0  28   3   2   6   8  13  32   4   0 509   0   2   5   1   2   8   5  17  36   4 |   p = H
   0   0   7  15   4   0   1   2   0  15   0   4  11   1   0   8 657   0   1   2   2   0   7  13   2   0 |   q = W
   0   2   3   2  16   9  32   0   3   0  21   1   8   3   1   5   1 622   0  15   0   1   9   3   4   0 |   r = L
   2   3   6   3  19   0  11   1   0   0   1   5   4  46   0   2   3   1 678   3   0   5   6   0   4   0 |   s = P
   2   8   2   0  27  19  14   1   0   0  26   3   6   1  13   8   0   5   3 577   0   1  13   0  13  26 |   t = E
   2   0   4   8   7   0  19   4   0   1   0   1   2   0   0   2  10   1   5   2 663  17   9   2   5   0 |   u = V
  18   1   5   1   0   4   4   3   1   1  11   3   1   8   0   1   5   2  15   0  11 677   8   4   1   1 |   v = Y
   0   1   3   2  42  11  18  10   0   0   7  45  16   2   0   0   6  13   2  23   5   2 555   1   9  10 |   w = Q
   0   0   7  11   5   0   3   3   1  13   1   8   1   0   2  12   8   5   1   0   2   0  13 707  10   0 |   x = U
   0   0   7   9   6   1  14   2   1   2  25   0  36   0   4  34   1   2   0  14   0   1   1   8 571   0 |   y = K
   1   3   7   0   1  46   3   0   3   0  18   0   2   1   0   0   0   7   1  12   0   3   5   0   0 621 |   z = Z

-----------------------------------------------------------------------------
||                                  Result                                 ||
-----------------------------------------------------------------------------
|| ANN || Neurons: 37 Layers: 1 Epochs: 800 Learning Rate: 2.0 Momentum: 1.0

Correctly Classified Instances         813                4.065  %
Incorrectly Classified Instances     19187               95.935  %
Kappa statistic                          0     
Mean absolute error                      0.074 
Root mean squared error                  0.1923
Relative absolute error                100      %
Root relative squared error            100      %
Total Number of Instances            20000     

Confusion Matrix
   a   b   c   d   e   f   g   h   i   j   k   l   m   n   o   p   q   r   s   t   u   v   w   x   y   z   <-- classified as
   0   0   0   0   0   0   0   0   0   0   0   0   0   0   0   0   0   0   0   0   0   0   0 796   0   0 |   a = T
   0   0   0   0   0   0   0   0   0   0   0   0   0   0   0   0   0   0   0   0   0   0   0 755   0   0 |   b = I
   0   0   0   0   0   0   0   0   0   0   0   0   0   0   0   0   0   0   0   0   0   0   0 805   0   0 |   c = D
   0   0   0   0   0   0   0   0   0   0   0   0   0   0   0   0   0   0   0   0   0   0   0 783   0   0 |   d = N
   0   0   0   0   0   0   0   0   0   0   0   0   0   0   0   0   0   0   0   0   0   0   0 773   0   0 |   e = G
   0   0   0   0   0   0   0   0   0   0   0   0   0   0   0   0   0   0   0   0   0   0   0 748   0   0 |   f = S
   0   0   0   0   0   0   0   0   0   0   0   0   0   0   0   0   0   0   0   0   0   0   0 766   0   0 |   g = B
   0   0   0   0   0   0   0   0   0   0   0   0   0   0   0   0   0   0   0   0   0   0   0 789   0   0 |   h = A
   0   0   0   0   0   0   0   0   0   0   0   0   0   0   0   0   0   0   0   0   0   0   0 747   0   0 |   i = J
   0   0   0   0   0   0   0   0   0   0   0   0   0   0   0   0   0   0   0   0   0   0   0 792   0   0 |   j = M
   0   0   0   0   0   0   0   0   0   0   0   0   0   0   0   0   0   0   0   0   0   0   0 787   0   0 |   k = X
   0   0   0   0   0   0   0   0   0   0   0   0   0   0   0   0   0   0   0   0   0   0   0 753   0   0 |   l = O
   0   0   0   0   0   0   0   0   0   0   0   0   0   0   0   0   0   0   0   0   0   0   0 758   0   0 |   m = R
   0   0   0   0   0   0   0   0   0   0   0   0   0   0   0   0   0   0   0   0   0   0   0 775   0   0 |   n = F
   0   0   0   0   0   0   0   0   0   0   0   0   0   0   0   0   0   0   0   0   0   0   0 736   0   0 |   o = C
   0   0   0   0   0   0   0   0   0   0   0   0   0   0   0   0   0   0   0   0   0   0   0 734   0   0 |   p = H
   0   0   0   0   0   0   0   0   0   0   0   0   0   0   0   0   0   0   0   0   0   0   0 752   0   0 |   q = W
   0   0   0   0   0   0   0   0   0   0   0   0   0   0   0   0   0   0   0   0   0   0   0 761   0   0 |   r = L
   0   0   0   0   0   0   0   0   0   0   0   0   0   0   0   0   0   0   0   0   0   0   0 803   0   0 |   s = P
   0   0   0   0   0   0   0   0   0   0   0   0   0   0   0   0   0   0   0   0   0   0   0 768   0   0 |   t = E
   0   0   0   0   0   0   0   0   0   0   0   0   0   0   0   0   0   0   0   0   0   0   0 764   0   0 |   u = V
   0   0   0   0   0   0   0   0   0   0   0   0   0   0   0   0   0   0   0   0   0   0   0 786   0   0 |   v = Y
   0   0   0   0   0   0   0   0   0   0   0   0   0   0   0   0   0   0   0   0   0   0   0 783   0   0 |   w = Q
   0   0   0   0   0   0   0   0   0   0   0   0   0   0   0   0   0   0   0   0   0   0   0 813   0   0 |   x = U
   0   0   0   0   0   0   0   0   0   0   0   0   0   0   0   0   0   0   0   0   0   0   0 739   0   0 |   y = K
   0   0   0   0   0   0   0   0   0   0   0   0   0   0   0   0   0   0   0   0   0   0   0 734   0   0 |   z = Z

-----------------------------------------------------------------------------
||                                  Result                                 ||
-----------------------------------------------------------------------------
|| ANN || Neurons: 24 Layers: 2 Epochs: 1000 Learning Rate: 2.25 Momentum: 2.75

Correctly Classified Instances       16885               84.425  %
Incorrectly Classified Instances      3115               15.575  %
Kappa statistic                          0.838 
Mean absolute error                      0.0131
Root mean squared error                  0.103 
Relative absolute error                 17.7435 %
Root relative squared error             53.5598 %
Total Number of Instances            20000     

Confusion Matrix
   a   b   c   d   e   f   g   h   i   j   k   l   m   n   o   p   q   r   s   t   u   v   w   x   y   z   <-- classified as
 650   3   4   2   9   3   6   0   0   0  10   6   4  10   6   8   0   1   0  19   2  18  10   6   7  12 |   a = T
   1 630   6   0   1  16   9   0  12   0  21   3   1  17   3   0   0   2  12   7   0  10   2   0   2   0 |   b = I
   2   0 682   7   0   2  14   2   1   2   4  22  17   2   0  27   0   1  10   0   0   1   0   5   4   0 |   c = D
   0   0  19 685   1   0   6   1   0  10   0   8  13   3   1  13   7   0   2   0   0   0   1  11   2   0 |   d = N
   0   5  10   2 595  17  13   7   1   1   6  13  14   5  14   4   4   4   1   9   4   4  27   1  10   2 |   e = G
   2   5   5   0   2 601  18   7   5   1  10   6   6   8   2   0   0   5   5  20   2  16   4   1   4  13 |   f = S
   0   0  12   1   5  10 662   0   0   0   6   2  37   1   0   3   0   0   4   7   0   2   5   0   8   1 |   g = B
   1   0  11   7   1   8   0 692   3   7   4   0   8   4   0   4   1   1   7   0   1   8   7   9   4   1 |   h = A
   0  20  12   2   0  20   6   5 585   2  18   5   2  13   1   8   0   0  19   6   0  11   5   0   1   6 |   i = J
   0   0   0   5   6   0   7   2   2 742   0   2   5   0   0   0  10   0   0   0   1   1   6   3   0   0 |   j = M
   3   6   4   0   4   7   2   0   1   0 717   1   4   2   0   2   0   0   0   5   1   7   1   1  18   1 |   k = X
   0   0  18   9   3   0   4   1   2   7   1 621   6   0  10   7  24   0   5   0   1   0  21  10   3   0 |   l = O
   1   0  15   7   7   1  25   0   0   2   5   5 639   2   1  15   0   0   1   1   1   1   3   1  25   0 |   m = R
  14   5  10   3   1  17   8   0   1   0   5   0   4 634   3   2   2   0  23  14   0   7   7   3   2  10 |   n = F
   2   0   0   4  28   1   6   1   0   4   7  11   2   3 585  11   2   1   0  17   2   1   4  12  30   2 |   o = C
   1   5  21   6   6   2  16   6   1   4   4   5  45   7   2 541   1   0   5   3   3   7   8   5  29   1 |   p = H
   0   0   1   7   2   0   1   4   0  10   0   6   3   0   1   1 693   0   1   3   6   0   4   9   0   0 |   q = W
   3   0   0   3  17   7   8   1   0   1  26   2  10   1   1   1   0 642   0  14   0   2   7   3   9   3 |   r = L
   0   3   6   1  10   4   7   1   0   0   0   3   5  33   0   1   0   0 711   5   2   2   6   0   3   0 |   s = P
   2   1   0   0  25  19   6   0   0   0   9   0   6   6  15   2   0   2   0 632   0   2  22   0   8  11 |   t = E
   2   1   1   5   2   0  17   0   0   2   1   2   6   1   1   4  19   0   3   0 676  11   7   2   1   0 |   u = V
   8   1   2   0   1   5   2   1   1   1   5   0   1   7   0   2   3   1  13   0  15 703   7   6   1   0 |   v = Y
   0   2   4   0  23   7  12   6   1   0   4  21   2   3   4   1   1   6   0  29   1   2 614   7   8  25 |   w = Q
   0   0   2  10   1   0   2   2   1  20   2   7   4   0   2  11   7   0   0   0   1   5   4 723   9   0 |   x = U
   1   0   3   2  12   0   6   2   1   1  19   1  26   0   0  25   0   0   0   5   0   0   1   7 627   0 |   y = K
   7   9   6   0   0  34   4   3   2   0  15   0   2   9   0   0   0   6   7  15   0   7   4   0   1 603 |   z = Z

-----------------------------------------------------------------------------
||                                  Result                                 ||
-----------------------------------------------------------------------------
|| ANN || Neurons: 29 Layers: 2 Epochs: 1000 Learning Rate: 4.0 Momentum: 1.25

Correctly Classified Instances       17231               86.155  %
Incorrectly Classified Instances      2769               13.845  %
Kappa statistic                          0.856 
Mean absolute error                      0.0117
Root mean squared error                  0.0972
Relative absolute error                 15.8654 %
Root relative squared error             50.5231 %
Total Number of Instances            20000     

Confusion Matrix
   a   b   c   d   e   f   g   h   i   j   k   l   m   n   o   p   q   r   s   t   u   v   w   x   y   z   <-- classified as
 660   1   3   0  10   2   5   1   1   0  16   4   2  12   1  14   1   3   0  20   1  12   4   4  12   7 |   a = T
   0 659   7   1   1  15   5   0   4   1  15   0   0  15   4   0   0   4   4   3   0   3   0   0   2  12 |   b = I
   0   3 703   6   1   5  10   1   2   0   6   8  17   2   0  19   0   1   6   1   0   0   3   6   4   1 |   c = D
   0   0  15 674   1   0   2   6   2  10   0  18  13   4   2  12   8   0   2   0   2   4   0   6   2   0 |   d = N
   0   4  14   0 617  11  16   4   2   1   5   6   5   6  11   5   9   4   3  15   2   5  21   0   5   2 |   e = G
   3   8   6   0   1 599  19   2  10   0  11   0   7  10   0   1   0  17   0  17   1   4   2   0   2  28 |   f = S
   0   2  11   2   4   5 670   2   0   0   2   1  22   9   0   3   0   0   1  13   0   8   1   3   6   1 |   g = B
   0   1   3   0   5   4   2 729   4   0   1   0   2   0   0   2   2   4   0   0   0   7   4   7   4   8 |   h = A
   2  25   7   4   0  16   3   6 603   1  17   5   1   8   0   4   0   7   6   7   0   4   3   2   1  15 |   i = J
   0   0   0  10   5   1   7   3   0 731   0   0   5   2   1   0   9   0   1   4   0   0   1   5   7   0 |   j = M
   1   3   5   0   1   3   4   0   0   0 729   0   1   2   0   2   0   3   0   8   1   5   3   0  10   6 |   k = X
   0   0  19   1  10   4   8   2   3   6   3 618  11   0   4   9  15   1   2   0   0   0  25  11   1   0 |   l = O
   1   0  10   5   5   1  32   6   0   1   8   8 630   1   0  13   3   1   0   4   0   4   3   1  21   0 |   m = R
  12   9   5   3   2  16  15   0   2   0   8   2   6 631   0   4   1   2  20  18   0   9   1   2   0   7 |   n = F
   1   0   1   1  37   7   3   4   1   3   5   8   3   2 581  10   5   2   0  27   2   1   7   6  18   1 |   o = C
   0   0  13   2   8   4  15   1   1   2   1   5  34   9   0 564   2   0   3  10   3  13   8   4  30   2 |   p = H
   0   0   1   7   2   0   5   0   0  11   0   3   6   0   0   2 689   0   0   2   3   2   2  10   7   0 |   q = W
   2   3   1   0   9  14   3   5   0   0  16   2  13   2   1   4   0 645   2  17   0   6   6   2   7   1 |   r = L
   0   6   6   0   4   1   6   0   1   0   0   4   6  25   0   2   0   0 713   8   0   9   6   1   5   0 |   s = P
   0   0   1   0  13   5   8   0   1   0  11   0   2   4   4   0   0   3   0 694   0   2   6   0   7   7 |   t = E
   2   0   1   0   9   0  13   2   0   1   0   3   1   1   0   5   8   0   3   5 670  28   4   7   1   0 |   u = V
  14   0   1   1   1   1   0   2   1   2   4   1   0   9   1   1   1   0  12   0  12 713   5   4   0   0 |   v = Y
   0   9   3   0  16  19   9  10   1   0   1  21  10   0   0   1   1   3   1  12   0   7 633   4   3  19 |   w = Q
   0   0   2   3   6   0   1   4   3  10   1   3   3   1   4   9   4   1   1   0   0   2   3 749   3   0 |   x = U
   0   0   4   3   4   0   6   4   0   1  17   0  19   0   3  12   0   0   1  11   1   0   0   2 650   1 |   y = K
   2   1   1   0   0  19   4   2   3   0   2   0   0   2   0   0   0   7   0  11   0   2   1   0   0 677 |   z = Z

-----------------------------------------------------------------------------
||                                  Result                                 ||
-----------------------------------------------------------------------------
|| ANN || Neurons: 42 Layers: 1 Epochs: 1600 Learning Rate: 3.25 Momentum: 2.75

Correctly Classified Instances       17363               86.815  %
Incorrectly Classified Instances      2637               13.185  %
Kappa statistic                          0.8629
Mean absolute error                      0.0113
Root mean squared error                  0.0972
Relative absolute error                 15.2715 %
Root relative squared error             50.5388 %
Total Number of Instances            20000     

Confusion Matrix
   a   b   c   d   e   f   g   h   i   j   k   l   m   n   o   p   q   r   s   t   u   v   w   x   y   z   <-- classified as
 674   1   4   3   7   5   9   1   0   0   9   3   1  13   0   2   2   1   1  15   3  12   2   8  10  10 |   a = T
   2 648   7   2   1   9   5   2   9   0  15   5   0  13   4   0   0   5  13   2   0   3   6   0   0   4 |   b = I
   0   0 733  13   1   2   9   1   3   7   3   9   3   3   0   6   1   1   1   0   0   2   0   3   1   3 |   c = D
   0   0  10 725   0   0   1   1   0   5   0   8   7   0   0   7   2   0   4   2   2   2   1   4   2   0 |   d = N
   0   7   9   5 575  19  11   8   2   2   7  10   7   5   5   3   8  10   3   5   4   6  42   8  12   0 |   e = G
   0   7  10   1   0 611  11   0   6   0  11   2   5  16   0   0   0  11   0  19   0  13   8   0   2  15 |   f = S
   0   2  23   3   6   4 680   2   1   0   3   2  19   5   0   0   0   3   3   5   0   0   2   1   2   0 |   g = B
   0   0   2   4   0   2   0 717   1   5   1   2   1   1   0   4   4   1   1   0   5   5   5  10   3  15 |   h = A
   4   8   3   1   0  16   1   6 636   1  15   2   0  20   0   3   0   5   6   6   0   0   1   1   0  12 |   i = J
   0   0   4  12   0   0   8   1   0 737   0   2   9   0   0   1   9   0   1   1   1   0   1   3   2   0 |   j = M
   0   2   8   0   1   1   2   0   0   0 741   2   0   1   0   0   0   1   1  11   1   2   3   1   8   1 |   k = X
   0   1  11   7   8   4   0   6   1  10   0 637   9   0   1   1  19   3   7   0   3   0  15   9   0   1 |   l = O
   0   0  10  16   0   0  26   6   0   9   2   1 630   2   0   5   4   6   0   6   1   0   5   0  29   0 |   m = R
  15   4   7   3   0   5   3   0   4   0   6   0   4 679   1   2   0   4  11   9   1   6   5   1   3   2 |   n = F
   1   0   1   2  13   1   0   5   0   1   7  10   0   7 587   0   3   7   0  47   4   1   8  14  17   0 |   o = C
   0   1  33   7   7   2  25   6  12   9  14  27  34   9   0 417  10   4  15   1   7   5  11  22  54   2 |   p = H
   0   0   0  19   0   0   3   1   0   9   0   3   3   1   0   0 697   0   2   1   1   1   0   6   5   0 |   q = W
   4   1   0   3   7   5   4   1   0   1  12   0   4   1   0   1   2 672   0  17   4   0  11   5   4   2 |   r = L
   0   5   3   1   5   2   6   0   1   1   0   2   6  18   0   1   2   2 723   3   0   7  12   0   3   0 |   s = P
   1   2   0   0  14   6   2   1   1   0  12   0  10   6   3   0   0   5   0 673   0   1  16   1   9   5 |   t = E
   0   1   1   4   0   0  18   0   0   1   0   0   3   2   0   5  21   1   5   3 683   7   2   6   1   0 |   u = V
   7   0   3   1   0   1   0   1   2   0   6   0   0  13   0   0   3   0   3   0  11 725   8   1   0   1 |   v = Y
   0   4   1   0   5   9  12   3   2   2   4   9   1   0   0   0   2  27   0   9   0   1 672   3   4  13 |   w = Q
   1   0   0   9   0   0   2   2   1  10   0   5   0   0   2   1   3   1   2   0   1   0   3 763   7   0 |   x = U
   3   0   6   4   3   0   3   5   0   3  21   0  18   0   0  13   0   0   0   7   1   0   1  11 640   0 |   y = K
   1   1   0   0   0  12   1   1   6   0   7   0   2   1   0   2   0   4   0   3   0   1   4   0   0 688 |   z = Z

-----------------------------------------------------------------------------
||                                  Result                                 ||
-----------------------------------------------------------------------------
|| ANN || Neurons: 40 Layers: 2 Epochs: 1400 Learning Rate: 3.25 Momentum: 2.25

Correctly Classified Instances       17794               88.97   %
Incorrectly Classified Instances      2206               11.03   %
Kappa statistic                          0.8853
Mean absolute error                      0.0093
Root mean squared error                  0.0876
Relative absolute error                 12.521  %
Root relative squared error             45.5536 %
Total Number of Instances            20000     

Confusion Matrix
   a   b   c   d   e   f   g   h   i   j   k   l   m   n   o   p   q   r   s   t   u   v   w   x   y   z   <-- classified as
 670   0   1   0  13   4   8   1   1   0  12   0   1   8   4   6   0   3   5  17   1  14   2   7   9   9 |   a = T
   2 673   5   0   3  17   4   0  18   0   5   0   0   5   2   0   0   2   6   2   0   2   3   0   1   5 |   b = I
   0   4 717   5   0   2   7   1   4   2   2  13   9   3   0  20   0   0   5   1   0   0   2   5   2   1 |   c = D
   0   0  10 721   0   0   2   4   1   6   1  10   7   1   0   8   3   0   2   0   0   3   1   1   2   0 |   d = N
   2   4  13   0 648   6   6   2   5   2   2   6   7  10  12   0   2   4   4  11   2   5   8   5   7   0 |   e = G
   2   4   6   0   0 666   8   5   2   0   9   0   5   5   0   2   0  12   1  11   0   1   3   0   0   6 |   f = S
   1   1  16   1   2   8 697   0   0   0   3   0  11   6   0   2   0   0   1   7   0   1   1   2   4   2 |   g = B
   0   0   0   2   1   2  10 725   2   4   2   3   1   1   6   1   1   2   3   0   2   9   5   3   1   3 |   h = A
   0   9   2   3   0  12   3   2 672   0  11   3   0   4   2   1   0   0   3   2   0   3   5   0   0  10 |   i = J
   0   0   1   9   6   0  11   3   0 735   0   5   3   0   1   2   8   0   0   0   0   0   1   3   4   0 |   j = M
   2   2   4   0   1   4   2   0   1   0 733   3   0   1   0   0   0   3   0  13   2   3   0   0  12   1 |   k = X
   0   1  18   5   5   0   2   5   4   0   0 662   7   0   3   5   7   1   0   1   4   0  17   6   0   0 |   l = O
   2   0  11   9   6   2  25   1   1   1   3   6 662   1   2   7   0   0   0   4   0   0   1   0  14   0 |   m = R
  10   4   8   0  10  22   8   1   3   0   1   0   3 660   5   0   2   0  15  12   0   1   2   0   6   2 |   n = F
   1   1   0   0  16   1   0   1   0   3   1   8   3   2 644   7   0   0   0  28   2   0   6   7   5   0 |   o = C
   0   1  22   5  11   3  22   4   2   2   5   3  30  10   0 563   2   0   5   2   2   5   2   6  20   7 |   p = H
   0   0   0   9   3   0   3   1   0   8   0   5   3   0   0   1 705   0   1   3   2   0   0   4   4   0 |   q = W
   0   2   2   1   7  10   3   9   2   0   8   1   8   1  12   3   0 651   2  16   0   3   9   0  10   1 |   r = L
   0   0   4   0   8   2   4   2   0   0   0   4   3  29   4   0   0   0 725   5   1   4   7   1   0   0 |   s = P
   0   2   0   0  18  10   6   0   1   0   7   0   2   2   4   1   0   1   0 696   0   1   7   0   3   7 |   t = E
   2   0   1   4   4   0  13   1   0   0   0   4   8   0   6   0  10   0   4   3 691   8   1   2   2   0 |   u = V
   9   0   0   1   0   3   1   1   1   2   1   0   0   5   1   1   2   0   4   0  15 732   3   3   0   1 |   v = Y
   0   3   3   0  13   9   5   5   3   0   1  18   2   0   3   0   1  10   1  16   2   2 669   0   1  16 |   w = Q
   0   0   1  11   1   0   2   3   1   7   1   6   1   0   2   7   8   0   0   0   3   3   0 755   1   0 |   x = U
   1   1   2   0   5   2   4   3   0   0  11   0  19   0   5  14   1   0   0   8   0   0   1   3 659   0 |   y = K
   3   1   0   0   0  26   2   3  14   0   2   0   2   0   0   0   0   3   0  10   0   3   2   0   0 663 |   z = Z

-----------------------------------------------------------------------------
||                                  Result                                 ||
-----------------------------------------------------------------------------
|| ANN || Neurons: 36 Layers: 2 Epochs: 1800 Learning Rate: 2.5 Momentum: 2.75

Correctly Classified Instances       17584               87.92   %
Incorrectly Classified Instances      2416               12.08   %
Kappa statistic                          0.8744
Mean absolute error                      0.0101
Root mean squared error                  0.0921
Relative absolute error                 13.684  %
Root relative squared error             47.9093 %
Total Number of Instances            20000     

Confusion Matrix
   a   b   c   d   e   f   g   h   i   j   k   l   m   n   o   p   q   r   s   t   u   v   w   x   y   z   <-- classified as
 642   1   5   0   6  10  14   1   0   0  11   4   6  14   6  10   2   0   0  13   3  22   7   1   5  13 |   a = T
   1 687   3   0   0  12   1   3   5   0  10   0   2  15   4   0   0   1   1   3   0   1   2   0   0   4 |   b = I
   0   0 739   7   0   6  10   1   3   3   3   3   6   2   0  10   0   2   3   0   0   0   0   7   0   0 |   c = D
   0   0  11 717   1   0   1   1   0   4   1  11  13   1   1  10   2   0   2   0   2   0   0   4   1   0 |   d = N
   0   3   5   0 654   9  11   4   4   4   5   7   3   1  15   2   1   0   1  11   3   4  10   4   9   3 |   e = G
   2   2   5   0   3 672  18   1   2   0   5   0   3   4   1   0   0   2   0  10   0   1   2   0   0  15 |   f = S
   0   2  13   3   3  14 690   0   0   0   4   0  19   3   0   0   0   0   2   3   1   3   1   1   3   1 |   g = B
   0   1   1   3   1   8   0 734   5   3   0   4   1   1   0   1   0   2   0   1   0  12   2   6   2   1 |   h = A
   2  26   8   2   0  19   2  10 588   0  22   3   3  18   0   4   0   2   7   2   3   2   4   2   2  16 |   i = J
   0   0   0   4  11   0  10   3   0 742   0   1   1   0   2   2   9   0   1   0   0   0   0   4   2   0 |   j = M
   0   0   4   0   0   1   3   1   4   0 743   2   2   1   1   0   0   1   0   2   0   5   1   2  10   4 |   k = X
   0   2  21   5  10   4   0   3   3  12   2 632   6   0   2   4  18   4   3   0   2   1  13   4   2   0 |   l = O
   0   0   9  10   4   2  24   9   0   3   3   2 659   2   0   8   0   2   2   4   0   0   2   0  11   2 |   m = R
   8   4   1   1   4   7  11   0   5   0   4   1   3 679   1   4   2   2  18  10   2   4   0   0   2   2 |   n = F
   0   3   1   1  22   1   0   3   0   5   0  10   1   0 632   8   0   4   1  14   1   0   4  16   9   0 |   o = C
   0   4  16   9   6   1  23   3   2   4   4   8  29   6   1 550   0   3   7   4   2   3   4   7  33   5 |   p = H
   1   1   0  12   3   0   3   1   0  12   0   3  14   2   0   2 677   0   2   0   6   3   2   6   2   0 |   q = W
   1   1   2   3   9   7   3   7   0   1  15   1  10   3   5   7   0 649   0  17   0   3   2   8   5   2 |   r = L
   0   2   2   0   6   2   8   0   1   0   0   2   5  30   0   0   0   0 723   5   4   4   7   0   2   0 |   s = P
   0   0   1   0  16   2  10   0   0   0  14   1   3   5   9   1   0   3   0 675   0   0   4   0   5  19 |   t = E
   2   1   3   6   6   0  15   2   0   3   1   1   4   3   1   1  11   0   5   2 679  11   3   2   2   0 |   u = V
   9   0   0   1   1   2   0   0   0   0   3   0   0   3   0   1   3   0   5   0  13 739   2   4   0   0 |   v = Y
   0   8   8   0  16   9  11   7   1   0   3  14   6   2   0   1   1  21   1  17   3   1 615   0   4  34 |   w = Q
   0   0   4   5   3   0   4   9   0  11   0   8   3   1   2   6   3   0   0   0   0   2   3 746   3   0 |   x = U
   1   1   3   4   0   2   5   3   1   3  10   1  20   4   1   9   0   2   0   6   0   0   0   0 662   1 |   y = K
   0   4   1   0   2  24   4   7   2   0   3   0   4   6   0   0   0   3   0   8   0   2   4   0   1 659 |   z = Z

-----------------------------------------------------------------------------
