||                                  Result                                 ||
-----------------------------------------------------------------------------
|| ANN || Neurons: 17 Layers: 2 Epochs: 200 Learning Rate: 2.0 Momentum: 3.25

Correctly Classified Instances       16245               81.225  %
Incorrectly Classified Instances      3755               18.775  %
Kappa statistic                          0.8047
Mean absolute error                      0.0173
Root mean squared error                  0.1097
Relative absolute error                 23.3463 %
Root relative squared error             57.0538 %
Total Number of Instances            20000     

Confusion Matrix
   a   b   c   d   e   f   g   h   i   j   k   l   m   n   o   p   q   r   s   t   u   v   w   x   y   z   <-- classified as
 623   1   5   1  17   6   6   0   0   0   8   1   5  16   5  12   0   1   0  24   2  30   5   2   7  19 |   a = T
   2 605   9   0   3  27   3   5   4   0  18   0   3   9   3   0   0   8  14   7   0   3  14   0   1  17 |   b = I
   0   6 635   7   0  15  25   5   4   2  12  15  26   3   1  22   0   2   5   1   0   3   6   6   2   2 |   c = D
   0   0   7 675   2   0   3   1   0  11   2  23   6   8   0  11   4   0   8   0   3   5   0   7   7   0 |   d = N
   1   6   3   2 561   4  11   8   1   4   6  16  13   3  14  15   1   7   7  10   7   8  47   1  11   6 |   e = G
   3   9  16   0   5 527  11   7  10   0  18   3   6   6   1   2   0  16   8  38   2   5  20   4   2  29 |   f = S
   0   2  20   0   5  14 620   0   0   0   8   5  29   4   0   2   0   0   6  24   0   8   9   1   5   4 |   g = B
   2   1   3  12   0   9   1 694   3   6   2   1   4   3   0   3   5   1   4   0   3   7   6   7   8   4 |   h = A
   2  20  17   1   2  22   3   4 556   2  18   9   0  16   0   5   0   2  15  15   1   8  10   2   1  16 |   i = J
   0   0   1  17   0   0  10   3   1 724   0   6   3   1   0   6   7   0   2   3   0   0   4   3   1   0 |   j = M
   1   4   8   1   2  15   0   0   2   0 690   2   0   2   0   3   0   2   2  15   0   8   2   1  14  13 |   k = X
   0   0  16   5  14   1   3   1   0   8   1 589   9   3   5  17  12   4   8   0   1   0  39  17   0   0 |   l = O
   0   0  15   8  11   0  37   0   0   6  10   5 587   5   0  16   0   3   0   9   1   8   8   0  27   2 |   m = R
   6   3   8   3   3  28  12   0   1   0  10   0   2 613   2   3   0   1  39  17   0  12   7   0   0   5 |   n = F
   1   0   1   5  14   8   3   2   0   7  10  13   3   6 561  17   3   0   1  40   0   1  10  10  19   1 |   o = C
   1   5  25  15   5   0  17   3   0   2  11  22  41   4   1 501   0   0   5  10   4   8   8  10  33   3 |   p = H
   0   0   2  13   4   0   7   4   0  14   2  12   6   1   0   4 658   0   3   2   4   0   5   6   5   0 |   q = W
   0   0   4   0  25  12  11   0   1   1  17   2   6   0   2   5   1 626   0  28   0   5   6   1   6   2 |   r = L
   0   0   3   1  10   3  10   0   0   0   0   7   4  29   0   2   3   0 701   4   4   7  12   1   2   0 |   s = P
   0   1   1   0  18  19  13   0   1   0  15   0   6   2   3   4   0   0   1 631   0   7  18   0   8  20 |   t = E
   4   0   3   3   2   1  11   0   0   3   1   6   3   3   0   4  12   0  12   4 636  36  13   7   0   0 |   u = V
  11   2   4   3   3   9   3   1   0   3   9   0   0   8   1   1   1   0  15   0  10 684  10   4   1   3 |   v = Y
   0   0   9   3  18   3  15   6   1   0   2  26   7   0   0   0   3   9   2  23   2   3 631   0  11   9 |   w = Q
   0   0   1  15   4   0   3   2   1  26   0  14   0   1   4  16   3   1   0   0   1   0   4 711   6   0 |   x = U
   1   1   3   4   8   0  14   7   0   2  28   0  26   1   3  20   0   3   0  12   1   2   4   5 593   1 |   y = K
   4   1   7   0   3  34   5   7   1   0   4   0   1   2   0   1   0   3   0  30   0   8  10   0   0 613 |   z = Z

-----------------------------------------------------------------------------
||                                  Result                                 ||
-----------------------------------------------------------------------------
|| ANN || Neurons: 25 Layers: 2 Epochs: 200 Learning Rate: 1.0 Momentum: 2.75

Correctly Classified Instances       16443               82.215  %
Incorrectly Classified Instances      3557               17.785  %
Kappa statistic                          0.815 
Mean absolute error                      0.0149
Root mean squared error                  0.1093
Relative absolute error                 20.0847 %
Root relative squared error             56.8553 %
Total Number of Instances            20000     

Confusion Matrix
   a   b   c   d   e   f   g   h   i   j   k   l   m   n   o   p   q   r   s   t   u   v   w   x   y   z   <-- classified as
 629   1   4   1   7  10   7   1   3   0  14   1   5  14   1  13   2   1   0  17   8  28   8   1   9  11 |   a = T
   8 629  10   0   3  13  11   3  16   0  11   2   4  12   2   0   0   2   3   2   0   3   9   0   1  11 |   b = I
   0   3 636  12   1   4  27   2   8   2  11  11  23   5   3  25   0   3   2   5   0   3   1   3   7   8 |   c = D
   0   0  17 675   0   0   7   5   0   5   0   9  12   4   0  12   5   1   1   0   2   4   0  16   7   1 |   d = N
   0   3   6   0 535  13  10   7   1   2   9  11  33   6  15   3  22   4   8   7   1   9  26   9  30   3 |   e = G
   2   5   4   1   5 574  32   9   4   0  13   9   9   9   4   1   0  10   3  21   0   1  10   0   5  17 |   f = S
   0   1  30   2   4  11 605   1   1   0   4   1  58   4   3   5   6   1   4  13   0   3   0   0   7   2 |   g = B
   1   3   4   8   4   7   4 701   3   7   6   2   7   0   0   2   4   0   3   0   0   6   1  10   5   1 |   h = A
   5  20   8   2   1  15  10   4 615   1  11   8   4  11   2   2   0   0   3   1   0   3   4   3   3  11 |   i = J
   0   0   1   5   3   0   5   3   0 736   0   0   8   0   2   2  12   0   1   0   0   3   2   7   2   0 |   j = M
   1   6   6   0   1  15   4   1   2   0 685   2   6   1   1   2   0   2   0  10   0   5   2   2  24   9 |   k = X
   0   0  27   7  12   4   0   4   4   7   3 587  18   3   4  10  12   1   6   0   0   0  21  13  10   0 |   l = O
   0   0  11  11   4   0  21   3   2   5   6   1 633   2   1  13   4   0   0   5   2   3   4   3  24   0 |   m = R
  12   9   5   3   2  10  18   2   4   0   6   1   7 633   4   2   2   0  27  11   1   7   2   1   3   3 |   n = F
   0   0   1   2  23   7   3   5   2   3   5  13   3   3 576  11   2   1   0  23   0   0   6  14  32   1 |   o = C
   0   0  34  15  14   0  17   3   0   2  11  14  50   1   2 492   2   1   2   3   1  18   2   9  39   2 |   p = H
   0   0   0   6   4   0   2   4   0  12   0   0   7   0   2   3 688   0   3   1   1   0   3  10   6   0 |   q = W
   0   2   8   3  12  10   6   0   3   0  17   3  10   5   6   8   0 625   0  17   0   3  10   1  10   2 |   r = L
   0   6   9   0   3   3  14   0   0   0   0   7   9  50   0   1   3   0 681   5   3   4   2   0   3   0 |   s = P
   0   0   2   0  16  15  10   0   3   0  12   1  20   3   9   5   0   2   0 628   1   1  19   0  12   9 |   t = E
   3   0   3   1   2   1   7   1   2   3   0   0   9   4   1   8  21   0   8   1 652  19   6   7   4   1 |   u = V
  27   7   1   2   0   9   1   1   0   3   5   0   0   7   2   1   0   0   7   0  29 665  10   7   1   1 |   v = Y
   1   2   5   1  32  11  11   9   2   0   3  30  12   1   9   1   2  17   4  12   0   4 585   6  11  12 |   w = Q
   0   0   5   7   3   0   0   3   1  20   2   7   2   0   3  13   7   2   1   0   0   0   5 727   5   0 |   x = U
   0   0   2   4   4   1   7   3   2   1  20   0  32   2   1  14   2   3   0   7   0   0   0   4 630   0 |   y = K
   2   2   6   0   2  38   1   5   3   0   6   1   8   3   1   0   0   1   0  20   0   7   7   0   0 621 |   z = Z

-----------------------------------------------------------------------------
||                                  Result                                 ||
-----------------------------------------------------------------------------
|| ANN || Neurons: 34 Layers: 2 Epochs: 200 Learning Rate: 1.75 Momentum: 1.75

Correctly Classified Instances       17557               87.785  %
Incorrectly Classified Instances      2443               12.215  %
Kappa statistic                          0.873 
Mean absolute error                      0.0109
Root mean squared error                  0.0902
Relative absolute error                 14.7483 %
Root relative squared error             46.8965 %
Total Number of Instances            20000     

Confusion Matrix
   a   b   c   d   e   f   g   h   i   j   k   l   m   n   o   p   q   r   s   t   u   v   w   x   y   z   <-- classified as
 664   1   0   2   7   6  12   0   1   0   6   3  11   8   5   5   1   2   0  25   4   6   2   6   5  14 |   a = T
   6 627   7   2   1  23   6   4  13   0   9   0   1   5   4   0   0   8  19   7   0   4   2   0   1   6 |   b = I
   0   0 722   5   1   2   7   4   2   2   2   9  11   1   0  17   0   0   5   2   0   1   2   6   4   0 |   c = D
   0   1  13 712   1   0   3   2   0   4   4  11  11   0   0   8   4   0   0   0   0   1   0   7   1   0 |   d = N
   0   0   9   4 639  11  10   6   6   1   5   9   3   3   7   0   6   3   6  12   0   2  17   1   6   7 |   e = G
   3   2   5   0   0 653  12   5   4   0   5   5   4   4   2   3   0   7   4  12   0   2   4   0   3   9 |   f = S
   0   0   9   3   6   7 702   0   0   0   2   3  13   0   0   4   1   0   1   8   0   1   0   1   3   2 |   g = B
   0   2   2   6   1   4   2 722   2   6   0   0   1   3   3   2   4   0   2   1   1  11   4   3   0   7 |   h = A
   1   4   5   4   0  17   3   9 611   1  15   6   6   7   0   3   0  13  12   6   0   2   6   4   1  11 |   i = J
   0   0   2   8   5   0   6   1   0 741   0   1   4   0   0   4   9   0   0   4   1   0   1   4   1   0 |   j = M
   2   1   2   0   2   3   2   0   1   0 742   0   1   2   1   1   0   2   0   6   0   2   4   0  13   0 |   k = X
   0   1  13   4   2   2   0   2   1   6   4 641   6   0   0   7  19   1   3   0   2   0  26   9   4   0 |   l = O
   0   0  11  15   5   0  17   2   0   0   1   4 664   0   1   6   1   0   1   6   0   0   1   0  23   0 |   m = R
  15   1   2   1   5  19  19   0   5   0   9   0   3 629   0   1   1   0  22  19   1   2   6   0   2  13 |   n = F
   0   0   0   1  18   1   0   6   0   1   0   8   5   0 613  15   2   5   0  31   0   0   5   9  16   0 |   o = C
   0   0  17   8   7   1  14   7   0   2   5   6  26   3   0 561   1   1   6   0   1  12   4  12  38   2 |   p = H
   0   0   0  11   5   0   3   2   0   8   0   8   4   0   0   4 695   0   2   0   1   1   0   5   3   0 |   q = W
   0   0   0   1  17   8   5   4   5   1  15   0  19   0   2   2   0 645   0  16   0   5   4   5   5   2 |   r = L
   0   0   2   0  10   2   5   0   0   0   0   5   2  26   0   1   0   0 719  11   0   5  11   2   1   1 |   s = P
   0   1   0   0  18   8   5   0   1   0   8   0   2   1   3   1   0   0   0 690   0   0   8   0  13   9 |   t = E
   0   1   1   6   8   2  10   1   0   1   0   2   3   1   0   3  15   0   6   4 683  11   6   0   0   0 |   u = V
   9   0   1   0   0   3   3   0   0   0   1   1   0   3   0   1   2   0   6   1   9 739   5   2   0   0 |   v = Y
   0   1  10   0  10  26  12   4   2   0   1  20   4   0   2   0   1   8   1  16   1   5 635   1   4  19 |   w = Q
   0   0   3   4   0   0   1   3   1   6   0   4   0   5   3   5   9   0   0   0   1   0   0 766   2   0 |   x = U
   0   1   2   4   3   0   5   3   0   1  11   0  19   0   1  10   0   0   1   3   0   0   1   2 672   0 |   y = K
   3   3   2   0   0  15   1   1   3   0   7   1   2   1   0   1   0   6   2  10   0   0   6   0   0 670 |   z = Z

-----------------------------------------------------------------------------
||                                  Result                                 ||
-----------------------------------------------------------------------------
|| ANN || Neurons: 16 Layers: 1 Epochs: 1000 Learning Rate: 3.5 Momentum: 2.25

Correctly Classified Instances       15811               79.055  %
Incorrectly Classified Instances      4189               20.945  %
Kappa statistic                          0.7821
Mean absolute error                      0.018 
Root mean squared error                  0.1184
Relative absolute error                 24.3698 %
Root relative squared error             61.5471 %
Total Number of Instances            20000     

Confusion Matrix
   a   b   c   d   e   f   g   h   i   j   k   l   m   n   o   p   q   r   s   t   u   v   w   x   y   z   <-- classified as
 652   1  13   0   8   4   8   1   1   0  11   2   3   8   2   0   0   0   2  18   1  18  12   0  15  16 |   a = T
   3 609  16   0   1  21  17   5   7   0  22   6   0   5   3   0   0   1  16   3   0   2   5   0   0  13 |   b = I
   0   0 701   2   1   3  13   2   0  10  10  18  26   1   0   5   0   1   4   0   0   1   0   4   3   0 |   c = D
   0   0  28 635   1   0   1   6   3  17   0  21  11   0   1   8  13   1  10   0   1   2   0  10  14   0 |   d = N
   0   1  16   0 562   8   7   9   0   1  15  10   8   1  13   0   1   3  15   8   1   8  43   1  39   3 |   e = G
   4   7  10   0   9 508  36  16   4   0  34   9  10   8   7   1   0   7   5  13   0  16  11   1   8  24 |   f = S
   0   0  43   0   1  18 554   1   0   2  20   7  52   3   0   1   0   1   5  19   0   1  17   0  15   6 |   g = B
   0   0   6   0   0  13   3 706   1   8   6   2   3   0   1   2   6   2   1   0   0  10   4   9   6   0 |   h = A
   2  13   9   1   0  15  15  12 575   1  18   6   2  18   1   0   0   1  18   3   0   9   4   0   1  23 |   i = J
   0   0   3  12   2   0   1   2   0 724   0   3   8   1   1   3  10   1   2   3   0   0   4   7   5   0 |   j = M
   3   5  13   0   6  18   6   0   2   0 625   1   3   1   0   1   0   7   4   8   0  11  42   6  22   3 |   k = X
   0   0  26   2   9   0   2  10   1   8   5 597  18   0   3   4   8   0  17   2   4   0  30   4   3   0 |   l = O
   0   0  24   1  15   0  18   4   2   8   7   7 591   0   0   6   0   1   8   6   1   1  11   1  46   0 |   m = R
  12   8  22   2   1  11  18   1   0   0  16   1   8 584   1   0   6   0  41  11   2   8   3   0   6  13 |   n = F
   4   1   3   0  21   6   1   0   0   1   9  16   0   3 567   2   2   3   3  19   2   1  19   9  44   0 |   o = C
   0   0  76   8  24   0   6   6   5  13  16  43  51   8   3 280   0   3  10   8  15  13  14  36  94   2 |   p = H
   0   0   4   6   2   0   1   1   0  26   0   3  17   0   0   3 659   0   5   3   0   0  11   4   7   0 |   q = W
   0   6   0   0  19   7  16   3   4   1  26   0   7   0   2   2   2 597   7  18   1   5   6   2  18  12 |   r = L
   0   1   5   4  10   2  12   0   0   1   0   4   6  38   1   0   0   1 693   0   2   8   9   0   6   0 |   s = P
   7   2   3   0  15  13   9   0   1   0  37   0   8   0   9   0   0   0   4 581   3   2  21   0  27  26 |   t = E
   2   0  10   0   3   0   7   0   0   4   2   4   2   0   1   1   9   0   7   3 664  17  17   6   5   0 |   u = V
  21   1   5   0   0   7   0   0   1   4  11   0   0  11   0   0   0   0  30   0  16 638  32   8   1   0 |   v = Y
   0   3   6   0  23   2   8   9   0   1  10  36   2   1   1   0   0  11   8  18   2   7 593   1  10  31 |   w = Q
   0   0   2   7   2   0   0   3   2  24   2  24   2   0   9   3   4   0   0   0   0   3  15 702   9   0 |   x = U
   0   0   5   4   4   0   4   0   1   5  31   4  33   0   2   9   0   3   1  10   1   1   8   7 606   0 |   y = K
   4   5   9   0   3  41   6   7   1   0   8   0   1   3   0   0   0   3   5  17   0   4   8   0   1 608 |   z = Z

-----------------------------------------------------------------------------
||                                  Result                                 ||
-----------------------------------------------------------------------------
|| ANN || Neurons: 31 Layers: 2 Epochs: 400 Learning Rate: 2.0 Momentum: 3.0

Correctly Classified Instances       17549               87.745  %
Incorrectly Classified Instances      2451               12.255  %
Kappa statistic                          0.8725
Mean absolute error                      0.0107
Root mean squared error                  0.0907
Relative absolute error                 14.4383 %
Root relative squared error             47.1706 %
Total Number of Instances            20000     

Confusion Matrix
   a   b   c   d   e   f   g   h   i   j   k   l   m   n   o   p   q   r   s   t   u   v   w   x   y   z   <-- classified as
 660   1   8   2  11   3  14   0   0   0  11   2   7  10   4   7   0   0   3  17   2  12   0   4   8  10 |   a = T
   1 651   5   0   0  12   4   5  21   0   8   2   2  11   5   0   0   0   9   5   0   0   7   0   0   7 |   b = I
   1   1 723   5   0   2   7   3   3   0   2  13  13   2   0  15   2   0   1   0   0   0   4   5   3   0 |   c = D
   0   0  20 705   1   0   0   2   0   5   0  12  17   4   1   7   1   0   2   0   0   1   0   2   3   0 |   d = N
   0   2  10   2 604   4  10   5   3   2   6   6  10   7  16   6   4   7   4  27   7   2  21   0   8   0 |   e = G
   3   5   9   0   1 602  14   5  15   0   9   3   3  13   1   1   1   5   7  14   0   8   5   0   2  22 |   f = S
   0   0  15   1   4  10 685   0   0   0   2   0  18   0   2   1   0   0   2   9   0   3   4   1   9   0 |   g = B
   2   2   3   7   2   4   2 706   1   6   2   1   3   3   3   1   2   2   1   0   2  11   6   9   1   7 |   h = A
   0  17   1   3   2   7   2   2 662   0  13   5   3   8   0   2   0   0   1   6   0   2   1   1   0   9 |   i = J
   0   0   0   7   2   1   9   0   0 741   0   2   8   0   4   1   6   0   0   2   0   0   3   5   1   0 |   j = M
   4   6   6   0   4   5   1   0   2   0 720   1   1   0   0   3   0   1   0   6   0   1   1   1  22   2 |   k = X
   0   0  13   7   2   0   1   4   2   8   0 644   8   0   6   6  11   3   9   0   1   0  15   9   3   1 |   l = O
   0   0   8   8   5   0  24   0   0   1   3   5 666   1   2  10   0   0   1   4   0   0   5   2  13   0 |   m = R
  11   9   0   2   3  14  18   2   5   0   7   1   9 644   4   3   1   1  21  12   0   3   4   0   1   0 |   n = F
   1   0   0   1  12   4   1   1   0   0   0  10   3   1 658   4   2   3   0  14   1   1   9   1   9   0 |   o = C
   0   1  26   4   6   2  25   3   7   0   2   5  29   2   0 555   0   0   8   3   4   7   2   4  36   3 |   p = H
   0   0   1   5   7   1   2   3   0  11   0   3   6   1   4   0 688   0   1   1   2   2   1   8   5   0 |   q = W
   0   0   0   7  12   6   7   4   0   0  12   0  18   0   8   2   2 644   0  16   0   7  13   0   2   1 |   r = L
   0   2   4   1   9   0  11   1   0   0   0   0   4  26   2   2   2   0 718   4   0   8   6   0   3   0 |   s = P
   2   2   0   1  10   5   5   0   0   0   6   0   5   3   5   4   0   3   0 692   0   0  11   0   5   9 |   t = E
   1   0   2   3   9   0  21   2   0   0   0   4   6   1   2   1  11   0   3   4 677  12   3   2   0   0 |   u = V
  12   0   0   0   2   4   0   0   1   1   1   1   0   2   0   1   2   0   5   0   4 742   6   2   0   0 |   v = Y
   0   9   2   0  12   6   7   4   0   0   4  22   3   0   1   1   2   9   7  12   7   3 659   1   2  10 |   w = Q
   0   0   1   7   2   0   4   1   1  10   0   4   3   2   1   5   7   1   1   1   2   3   0 755   2   0 |   x = U
   0   0   2   3   4   2   4   2   2   1   8   0  22   0   2  10   0   2   0   9   0   0   4   2 660   0 |   y = K
   1   1   3   0   0   7   0   0  10   0   3   0   1   2   0   0   0   6   1   5   0   2   4   0   0 688 |   z = Z

-----------------------------------------------------------------------------
||                                  Result                                 ||
-----------------------------------------------------------------------------
|| ANN || Neurons: 33 Layers: 2 Epochs: 600 Learning Rate: 3.0 Momentum: 1.0

Correctly Classified Instances         813                4.065  %
Incorrectly Classified Instances     19187               95.935  %
Kappa statistic                          0     
Mean absolute error                      0.074 
Root mean squared error                  0.1923
Relative absolute error                100      %
Root relative squared error            100      %
Total Number of Instances            20000     

Confusion Matrix
   a   b   c   d   e   f   g   h   i   j   k   l   m   n   o   p   q   r   s   t   u   v   w   x   y   z   <-- classified as
   0   0   0   0   0   0   0   0   0   0   0   0   0   0   0   0   0   0   0   0   0   0   0 796   0   0 |   a = T
   0   0   0   0   0   0   0   0   0   0   0   0   0   0   0   0   0   0   0   0   0   0   0 755   0   0 |   b = I
   0   0   0   0   0   0   0   0   0   0   0   0   0   0   0   0   0   0   0   0   0   0   0 805   0   0 |   c = D
   0   0   0   0   0   0   0   0   0   0   0   0   0   0   0   0   0   0   0   0   0   0   0 783   0   0 |   d = N
   0   0   0   0   0   0   0   0   0   0   0   0   0   0   0   0   0   0   0   0   0   0   0 773   0   0 |   e = G
   0   0   0   0   0   0   0   0   0   0   0   0   0   0   0   0   0   0   0   0   0   0   0 748   0   0 |   f = S
   0   0   0   0   0   0   0   0   0   0   0   0   0   0   0   0   0   0   0   0   0   0   0 766   0   0 |   g = B
   0   0   0   0   0   0   0   0   0   0   0   0   0   0   0   0   0   0   0   0   0   0   0 789   0   0 |   h = A
   0   0   0   0   0   0   0   0   0   0   0   0   0   0   0   0   0   0   0   0   0   0   0 747   0   0 |   i = J
   0   0   0   0   0   0   0   0   0   0   0   0   0   0   0   0   0   0   0   0   0   0   0 792   0   0 |   j = M
   0   0   0   0   0   0   0   0   0   0   0   0   0   0   0   0   0   0   0   0   0   0   0 787   0   0 |   k = X
   0   0   0   0   0   0   0   0   0   0   0   0   0   0   0   0   0   0   0   0   0   0   0 753   0   0 |   l = O
   0   0   0   0   0   0   0   0   0   0   0   0   0   0   0   0   0   0   0   0   0   0   0 758   0   0 |   m = R
   0   0   0   0   0   0   0   0   0   0   0   0   0   0   0   0   0   0   0   0   0   0   0 775   0   0 |   n = F
   0   0   0   0   0   0   0   0   0   0   0   0   0   0   0   0   0   0   0   0   0   0   0 736   0   0 |   o = C
   0   0   0   0   0   0   0   0   0   0   0   0   0   0   0   0   0   0   0   0   0   0   0 734   0   0 |   p = H
   0   0   0   0   0   0   0   0   0   0   0   0   0   0   0   0   0   0   0   0   0   0   0 752   0   0 |   q = W
   0   0   0   0   0   0   0   0   0   0   0   0   0   0   0   0   0   0   0   0   0   0   0 761   0   0 |   r = L
   0   0   0   0   0   0   0   0   0   0   0   0   0   0   0   0   0   0   0   0   0   0   0 803   0   0 |   s = P
   0   0   0   0   0   0   0   0   0   0   0   0   0   0   0   0   0   0   0   0   0   0   0 768   0   0 |   t = E
   0   0   0   0   0   0   0   0   0   0   0   0   0   0   0   0   0   0   0   0   0   0   0 764   0   0 |   u = V
   0   0   0   0   0   0   0   0   0   0   0   0   0   0   0   0   0   0   0   0   0   0   0 786   0   0 |   v = Y
   0   0   0   0   0   0   0   0   0   0   0   0   0   0   0   0   0   0   0   0   0   0   0 783   0   0 |   w = Q
   0   0   0   0   0   0   0   0   0   0   0   0   0   0   0   0   0   0   0   0   0   0   0 813   0   0 |   x = U
   0   0   0   0   0   0   0   0   0   0   0   0   0   0   0   0   0   0   0   0   0   0   0 739   0   0 |   y = K
   0   0   0   0   0   0   0   0   0   0   0   0   0   0   0   0   0   0   0   0   0   0   0 734   0   0 |   z = Z

-----------------------------------------------------------------------------
||                                  Result                                 ||
-----------------------------------------------------------------------------
|| ANN || Neurons: 33 Layers: 1 Epochs: 2000 Learning Rate: 1.25 Momentum: 2.75

Correctly Classified Instances       17127               85.635  %
Incorrectly Classified Instances      2873               14.365  %
Kappa statistic                          0.8506
Mean absolute error                      0.0122
Root mean squared error                  0.1013
Relative absolute error                 16.4958 %
Root relative squared error             52.6837 %
Total Number of Instances            20000     

Confusion Matrix
   a   b   c   d   e   f   g   h   i   j   k   l   m   n   o   p   q   r   s   t   u   v   w   x   y   z   <-- classified as
 671   0   1   0   5   0  11   1   1   0  12   4   4   5   4  12   0   3   0  26   6   8   2   5   7   8 |   a = T
   2 630  10   1   0  16   7   5  15   0  15   3   0  16   4   0   0   4   9   4   0   1   3   0   0  10 |   b = I
   1   0 699  11   4   0  20   7   3   4   4   6  19   0   1  14   0   1   3   0   0   0   3   2   2   1 |   c = D
   0   0  12 704   1   0   2   3   0  13   0   9   7   3   2  12   3   0   0   0   1   3   1   3   4   0 |   d = N
   0   0   7   1 560   7  13  15   0   0   7  10  13   2  13   3   6   2  14   6   7   3  49   5  29   1 |   e = G
   7  12   3   0   1 535  33  11  10   0  16  10   3  11   6   1   0  12   5  21   3  11  16   0   3  18 |   f = S
   1   0  17   1   2   2 689   2   0   0   5   4  15   1   0   4   1   0   5   7   0   1   3   1   4   1 |   g = B
   0   0   4   4   1   3   5 728   3   2   2   3   1   0   4   4   1   1   2   0   2   5   4   8   2   0 |   h = A
   3  15   8   7   0  14   2   6 616   0  18   1   1  16   0   5   0   0  11   3   0   2   4   1   1  13 |   i = J
   0   0   4  10   0   0   9   5   0 725   0   1   3   0   4   0   9   0   3   1   2   0   2   6   8   0 |   j = M
   2   1  11   0   2   5   1   2   5   0 718   1   0   3   1   0   0   1   0   9   0   3   3   0  16   3 |   k = X
   0   2  16   3   5   4   2   7   1   3   1 600  13   0  14   8  21   2  18   0   1   0  24   5   3   0 |   l = O
   0   0  17  17   5   2  20  10   0   2   3   1 623   3   1   9   0   1   3   1   1   0   5   4  30   0 |   m = R
  21   6   2   4   0   5  26   3   1   0  11   0   1 633   2   2   2   0  29  13   1   3   6   0   1   3 |   n = F
   0   2   0   0  10   0   7   3   1   1   4   4   1   2 615   3   1   2   2  42   0   2   3   5  22   4 |   o = C
   0   0  17  13   6   0  27   6   2   5   3   5  31   8   2 554   1   1   4   1   5  16   5   4  17   1 |   p = H
   0   0   1  15   3   0   6   0   0  10   0   1   0   3   0   0 687   0   6   1   5   0   4   4   6   0 |   q = W
   2   0   1   1  10   2  11   2   0   0  17   3   5   0   7   3   0 646   2  21   3  10  10   0   4   1 |   r = L
   1   4   5   2   4   0  13   3   0   0   0   0   7  25   1   0   3   0 716   4   2   6   5   0   2   0 |   s = P
   0   1   0   0  13   6   9   0   0   0   9   0   7   3   3   2   0   1   6 669   2   2   9   1  17   8 |   t = E
   1   0   3   3   0   0  23   4   1   1   1   0   2   1   2   1  20   0   7   2 674  10   3   2   3   0 |   u = V
  22   0   2   1   0   0   0   1   1   2   1   0   0   7   0   0   2   0   9   0  13 712   7   5   0   1 |   v = Y
   0   0   7   0   4   2  15  11   2   0   5  15   9   0   0   0   1   5   5   5   1   2 687   1   1   5 |   w = Q
   0   0   0   4   1   0   8   3   1  19   1   8   1   0   4   5  10   1   2   2   0   0   0 742   1   0 |   x = U
   0   0   2   3   3   1   8   4   0   1  12   1  18   1   1  11   0   3   0   6   1   0   1   1 661   0 |   y = K
   4   2   1   0   0  34   0  11   5   0   6   0   3   1   0   0   0   6   5   8   0   4  11   0   0 633 |   z = Z

-----------------------------------------------------------------------------
||                                  Result                                 ||
-----------------------------------------------------------------------------
|| ANN || Neurons: 27 Layers: 2 Epochs: 1600 Learning Rate: 1.25 Momentum: 2.0

Correctly Classified Instances       17086               85.43   %
Incorrectly Classified Instances      2914               14.57   %
Kappa statistic                          0.8485
Mean absolute error                      0.0121
Root mean squared error                  0.1   
Relative absolute error                 16.3221 %
Root relative squared error             51.9816 %
Total Number of Instances            20000     

Confusion Matrix
   a   b   c   d   e   f   g   h   i   j   k   l   m   n   o   p   q   r   s   t   u   v   w   x   y   z   <-- classified as
 638   1   8   0  10   5  11   1   2   0  13   2   2  24   0  17   0   0   0  14   4  15   8   4   8   9 |   a = T
   3 637   7   2   0  19   2   0   4   0   9   1   0  23   3   0   0  15   8   5   0   2   4   0   2   9 |   b = I
   1   0 700  11   0   4  15   2   1   2   6  14  11   4   0  20   0   0   3   3   0   2   0   3   3   0 |   c = D
   0   0  21 693   1   0   6   2   2  12   0   9   6   4   0  10   6   0   2   0   2   0   0   4   3   0 |   d = N
   0   0  10   1 638   9  13   7   1   0   8   9   4   7  12   5   2   2   7   8   4   2  17   0   5   2 |   e = G
   0   2   7   0   2 602  22   5   6   0  13   4   8  11   1   1   0   9   3  14   1   2   6   0   3  26 |   f = S
   0   1  16   4   3  14 666   1   0   0   4   1  28   1   0   4   0   0   2   9   1   4   4   1   2   0 |   g = B
   1   1   6   8   2   4   3 706   3   6   2   4   5   2   1   2   0   3   2   0   2   8   2   5   5   6 |   h = A
   4  23   7   4   0  14   4   4 607   0  13   4   3  15   0   4   0   1   5   3   0   4   5   2   1  20 |   i = J
   0   0   1  14  14   1   7   2   2 722   0   4   2   1   0   4   7   0   1   2   0   0   0   5   2   1 |   j = M
   1   4   6   0   3   8   3   0   0   0 710   2   4   3   1   3   0   0   0   9   0   6   4   3  15   2 |   k = X
   0   2  12   5   4   1   6   8   1   6   3 624  15   0   2  10   8   3   7   0   5   1  23   7   0   0 |   l = O
   0   0  13   7   7   0  38   5   0   3   0   4 641   2   0  17   0   1   1   0   0   1   3   0  14   1 |   m = R
  14   8   1   3   6  11  15   0   1   0   3   1   4 642   1   1   3   0  24  14   4   5   3   1   2   8 |   n = F
   0   3   1   2  31   6   2   0   0   0   4  12   2   5 603   9   0   3   0  21   1   1   8  11  11   0 |   o = C
   0   1  23   9  10   2  22   4   3   1   2  13  35   5   0 535   0   1   7   5   3   6   7   4  33   3 |   p = H
   0   0   1  15   5   0  12   4   0   9   0   5   6   1   1   1 673   0   1   0   3   2   3   6   4   0 |   q = W
   0   1   1   3  13  12  13   2   1   1  15   3  15   1   1   7   0 644   0  14   0   0   6   2   4   2 |   r = L
   1   1   8   2  10   2   6   1   2   0   1   7   4  34   1   5   1   0 704   1   2   4   6   0   0   0 |   s = P
   3   0   0   0  23   9  13   0   1   0  10   1   7   5  14   6   0   1   0 637   1   0  20   0   4  13 |   t = E
   0   0   1   9   8   2  13   2   0   2   2   2   5   1   2   5  10   0   1   1 666  27   4   0   1   0 |   u = V
  16   2   0   0   0   2   0   2   1   1   4   0   0   7   0   0   4   0   6   0  13 716   5   3   1   3 |   v = Y
   0   2   7   0  21   8   8  10   2   0   4  21   4   3   3   1   1   3   1  21   3   6 649   1   1   3 |   w = Q
   1   0   2  12   5   0   1   2   0  13   1   1   1   0   2  11   5   1   0   1   1   4   3 744   2   0 |   x = U
   0   0   6   6   6   1   8   4   0   3  19   0  26   0   6  21   0   4   0   9   1   0   2   0 617   0 |   y = K
   3   5   7   0   2  12   0   1   2   0   5   0   1   1   0   0   0   2   2  10   0   3   6   0   0 672 |   z = Z

-----------------------------------------------------------------------------
||                                  Result                                 ||
-----------------------------------------------------------------------------
|| ANN || Neurons: 30 Layers: 2 Epochs: 1800 Learning Rate: 1.0 Momentum: 3.5

Correctly Classified Instances       16834               84.17   %
Incorrectly Classified Instances      3166               15.83   %
Kappa statistic                          0.8354
Mean absolute error                      0.0127
Root mean squared error                  0.106 
Relative absolute error                 17.215  %
Root relative squared error             55.1398 %
Total Number of Instances            20000     

Confusion Matrix
   a   b   c   d   e   f   g   h   i   j   k   l   m   n   o   p   q   r   s   t   u   v   w   x   y   z   <-- classified as
 648   1   6   3   8   5   6   3   1   1  12   6   4  13   3  16   1   1   0  12   5  16   2   4   1  18 |   a = T
   1 647  15   0   1  17   4   1   9   0  10   1   2  18   2   1   0   2   5   4   0   2   3   0   3   7 |   b = I
   0   4 669   4   1  14  23   2   1   3   7  18  12   4   2  23   0   1   5   3   0   2   0   5   2   0 |   c = D
   1   0  10 677   0   0   6   7   0   9   1  18   5   5   1  11  10   0   3   0   1   4   1  10   3   0 |   d = N
   0   4   2   1 595  15   7   7   5   3   9  21  15   2  12   6   5   7   5   3   6   2  28   4   9   0 |   e = G
   1  15   7   0   2 601  20   9  15   0   9   4   5  11   3   1   0   8   2  13   0   2   2   0   6  12 |   f = S
   0   1  18   1   9  16 626   3   5   0   7   3  26   1   2   3   3   3  12  12   3   0   5   1   6   0 |   g = B
   1   0   9   5   0   7   4 721   3   5   1   0   4   2   4   0   2   2   2   0   0   6   0   4   2   5 |   h = A
   0  15   4   1   1  15   2   2 636   2  19   4   2   9   0   7   0   2   1   7   0   2   2   1   0  13 |   i = J
   0   0   2   9   8   0   9   4   0 734   0   1   2   0   2   1   5   0   1   1   0   0   1   6   6   0 |   j = M
   2   5   2   0   8   4   5   2   0   0 694   0   0   3   1   1   0   1   0  23   0   3   3   1  22   7 |   k = X
   0   0  11   4   7   3   1   6   2   8   2 607  17   1   5   4  15   1  11   0   3   2  28  13   1   1 |   l = O
   0   3  22   1  14   2  39   7   2   3   7   5 601   4   0  14   3   2   1   5   4   0   0   1  18   0 |   m = R
  15   7   4   3   4  13  19   0   5   1   6   0   2 618   1   6   0   3  43   8   2   5   1   0   8   1 |   n = F
   0   0   0   3  26   3   2   1   2   1   2   6   1   4 636   7   2   3   1  15   0   1   1   8   8   3 |   o = C
   0   2  26   4   8   2  17   8   2   3  11   9  42   2   5 530   2   0   6   7   7   6   2   9  14  10 |   p = H
   0   0   1   5   7   0   4   8   0   7   0   4   1   1   0   1 687   0   4   3   6   1   5   6   1   0 |   q = W
   1   3   1   0  11   7   9   3   0   3  16   1  13   0   5   9   1 637   0  18   0   3   4   1  10   5 |   r = L
   0   0   5   2   7   1   9   0   3   1   0   3   5  36   1   4   0   0 698   6   7   6   7   0   2   0 |   s = P
   0   0   0   0  31  15  10   1   1   0  12   0   1   6  10   0   0   8   0 638   0   3   9   1  14   8 |   t = E
   3   0   2   3  11   0  13   0   0   0   0   1   4   2   1   1  20   0   6   2 667  19   3   1   4   1 |   u = V
  22   1   0   1   1   3   0   5   0   2   4   1   0   6   0   1   2   1  12   0  25 685   8   6   0   0 |   v = Y
   0   4   6   1  17   7  18   7   5   0   5  18   7   3   1   0   2  26   3   8   3   5 607   2  10  18 |   w = Q
   0   0   1   6   3   1   1   4   3  10   0   8   2   1  13   5   5   0   0   0   3   2   4 734   7   0 |   x = U
   0   1   4   1   9   3   4   3   2   1  19   2  20   0  11  13   3   2   1  13   2   0   2   4 619   0 |   y = K
   0   2   3   0   1  45   6   2   7   0   5   0   2   4   1   0   0  10   2  22   0   0   0   0   0 622 |   z = Z

-----------------------------------------------------------------------------
||                                  Result                                 ||
-----------------------------------------------------------------------------
|| ANN || Neurons: 29 Layers: 2 Epochs: 2000 Learning Rate: 3.25 Momentum: 2.5

Correctly Classified Instances       17089               85.445  %
Incorrectly Classified Instances      2911               14.555  %
Kappa statistic                          0.8486
Mean absolute error                      0.0121
Root mean squared error                  0.1005
Relative absolute error                 16.3366 %
Root relative squared error             52.2828 %
Total Number of Instances            20000     

Confusion Matrix
   a   b   c   d   e   f   g   h   i   j   k   l   m   n   o   p   q   r   s   t   u   v   w   x   y   z   <-- classified as
 651   1   5   0  13   1   7   1   2   0  13   4   6  11   1  11   1   3   0  13   2  18   4   5  10  13 |   a = T
   0 652   4   0   2  12   6   3   4   0  18   0   0  14   6   0   0   3   7   3   0   3   2   0   0  16 |   b = I
   0   1 697  11   1   4  13   2   0   0   9  13  13   4   0  17   1   2   3   0   0   2   3   5   2   2 |   c = D
   0   0  14 676   1   0   4   3   1   9   0  20  11   2   1   9  14   0   4   0   2   2   0   5   5   0 |   d = N
   0   4  11   1 613   5  14   4   3   3   3   8   7   6  13   4  12   5   3  20   1   3  16   1   9   4 |   e = G
   6   4   9   0   2 581  17   2   4   0  14   2  11  10   0   1   0  14   0  26   2   2   5   0   3  33 |   f = S
   0   1  14   1   5   9 645   1   0   0  10   5  29   5   0   5   1   0   3  10   0   9   1   2   9   1 |   g = B
   2   2   4   1   2   2   2 722   4   2   0   0   2   0   0   1   2   4   2   0   1   7   5  11   4   7 |   h = A
   2  19   6   3   1  10   3   8 607   0  17   5   2   5   0   3   0   5   6  10   0   7   5   2   0  21 |   i = J
   0   0   3   9   3   0   8   5   0 723   0   0   6   0   2   1  14   0   1   4   2   1   0   4   6   0 |   j = M
   1   2   6   0   2   6   5   1   0   0 725   1   2   1   1   4   0   1   0   4   1   6   3   0   8   7 |   k = X
   0   0  15   3   8   1   4   6   5   6   2 621  10   0   1  10  13   1   3   1   1   0  22  16   3   1 |   l = O
   1   0  15   6   8   3  30   3   0   2   4   5 631   2   0  13   4   0   1   5   0   3   2   0  20   0 |   m = R
  15   6   8   4   2  11  14   1   4   0   8   5   9 622   4   4   3   0  16  14   1  10   2   1   1  10 |   n = F
   1   0   0   1  33   5   2   0   0   2   7  10   4   3 576  13   7   1   1  38   2   0   3  11  14   2 |   o = C
   0   0  15   7   8   3  15   1   0   1   5   7  33   6   1 558   4   0   2   3   4  16  11   4  25   5 |   p = H
   0   0   2   7   2   0   6   0   0   7   0   4   6   0   0   1 696   0   2   0   1   3   5   5   5   0 |   q = W
   0   0   0   0  10   9   4   6   1   0  12   2  10   0   2   8   1 644   1  17   0   5  10   2  10   7 |   r = L
   0   2   7   0   6   2   7   0   0   1   0   2   5  40   0   2   1   0 698  11   2   8   7   0   2   0 |   s = P
   1   0   1   0  21   7   7   0   0   0  13   0   7   4   9   1   0   3   0 667   0   1   8   0   7  11 |   t = E
   2   0   0   2   6   0  18   1   0   2   0   6   5   0   0   5  10   1   4   3 675  16   3   4   0   1 |   u = V
  13   0   0   1   1   1   0   3   0   2   7   1   0  10   0   0   1   2   4   0  20 707   9   3   0   1 |   v = Y
   2  10   2   0  15  20   6  12   0   0   3  34   7   5   0   1   1   3   2  11   1   4 627   3   1  13 |   w = Q
   0   0   2   2   3   0   1   4   1   8   0   3   4   0   3  12   9   1   0   0   1   1   1 749   8   0 |   x = U
   0   0   2   4   6   0   3   2   0   0  22   1  25   2   5  16   1   1   1   5   1   0   0   3 639   0 |   y = K
   3   1   1   0   1  12   1   2   2   0   4   0   1   1   0   0   0   6   0   9   0   2   1   0   0 687 |   z = Z

-----------------------------------------------------------------------------
