||                                  Result                                 ||
-----------------------------------------------------------------------------
|| ANN || Neurons: 16 Layers: 1 Epochs: 200 Learning Rate: 4.0 Momentum: 1.25

Correctly Classified Instances       15881               79.405  %
Incorrectly Classified Instances      4119               20.595  %
Kappa statistic                          0.7858
Mean absolute error                      0.0188
Root mean squared error                  0.1156
Relative absolute error                 25.4354 %
Root relative squared error             60.1358 %
Total Number of Instances            20000     

Confusion Matrix
   a   b   c   d   e   f   g   h   i   j   k   l   m   n   o   p   q   r   s   t   u   v   w   x   y   z   <-- classified as
 659   0  12   0   8   6   8   3   0   1   7   5   0  11   4   1   0   0   0  15   1  12   9   0  14  20 |   a = T
   2 612  11   0   1  26  12   3   9   0  19   5   1   6   3   1   0   0  16   5   0   3   2   0   0  18 |   b = I
   0   0 711   3   1   1  11   3   0  14   8  21  22   2   0   2   0   1   0   0   0   1   0   4   0   0 |   c = D
   2   0  28 640   0   1   1   7   2  17   2  15  11   0   2   8   9   0   7   1   1   1   2   8  16   2 |   d = N
   0   0  11   0 557  13   7  11   0   1  15  16  12   3  12   1   1   1  11  11   4   2  51   0  30   3 |   e = G
   6   7  10   0   5 518  28  15   9   0  30  13  13   7   5   0   0   4   8  19   0  10  13   0   4  24 |   f = S
   0   0  52   0   1  18 542   5   0   0  22   6  50   3   1   0   0   0   7  15   0   2  19   0  17   6 |   g = B
   0   0   7   0   0  10   3 708   4   9   4   3   3   0   1   1   7   3   0   0   0  11   5   6   3   1 |   h = A
   6  15  11   0   0  22   8   8 569   2  24   6   2  16   1   1   0   1  15   0   0  10   3   0   2  25 |   i = J
   0   0   6  10   3   0   0   2   0 731   0   2   6   2   0   5  12   0   2   3   0   0   5   0   3   0 |   j = M
   3   6  15   0   9   8   4   0   2   0 632   1   0   0   1   1   0   3   4   8   1   9  43   7  27   3 |   k = X
   0   0  16   1   9   0   2   6   0   5   4 612  19   0   7   3  11   0  12   1   9   0  30   4   2   0 |   l = O
   0   0  27   0  10   2  17  14   4   2   9   6 590   1   2   3   0   1  11   5   1   0  13   1  39   0 |   m = R
  18   9  13   1   1  14  17   3   0   0  17   1   7 582   2   0   5   0  40  15   1   8   5   0   4  12 |   n = F
   5   1   2   0  10   5   0   0   0   3   8  14   0   6 568   2   1   4   2  26   1   1  18   8  51   0 |   o = C
   0   0  74  15  31   0   7  10   5  14   9  47  49  11   8 280   4   1   8   5  15  19  13  33  75   1 |   p = H
   0   0   8   5   1   0   1   4   0  17   0   2  14   0   2   1 656   0   6   7   0   0  16   7   5   0 |   q = W
   0   3   3   0  22  10  14   5   5   0  17   1   9   4   4   2   0 590   3  22   0   7  13   0  13  14 |   r = L
   0   3   8   3  14   0  12   0   0   0   0   2   8  33   1   0   2   1 691   1   1  10   9   0   4   0 |   s = P
   3   5   4   0  14  17   7   0   1   0  32   0   7   4   6   1   0   0   3 595   1   2  21   0  14  31 |   t = E
   2   0  12   0   3   0   6   3   0   2   3   2   3   0   1   1  10   0  12   6 668  13  14   1   2   0 |   u = V
  21   0   5   0   0   9   0   1   2   2   6   0   0  11   0   1   0   0  20   1  16 652  34   5   0   0 |   v = Y
   0   4   5   0  24   9   5  12   1   2  10  39   1   0   2   0   1   6   4  21   1   4 598   0   6  28 |   w = Q
   1   0   4   8   1   0   0   2   0  33   1  16   4   0  10   2   3   1   1   0   1   5  18 699   3   0 |   x = U
   0   0   4   9   3   1   2   7   0   6  26   4  36   0   1   6   0   0   1   8   1   1   6  12 605   0 |   y = K
   4   6   3   0   5  47   1   8   1   0   4   0   3   2   1   0   0   4   1  14   0   7   7   0   0 616 |   z = Z

-----------------------------------------------------------------------------
||                                  Result                                 ||
-----------------------------------------------------------------------------
|| ANN || Neurons: 40 Layers: 1 Epochs: 200 Learning Rate: 4.0 Momentum: 1.25

Correctly Classified Instances       17153               85.765  %
Incorrectly Classified Instances      2847               14.235  %
Kappa statistic                          0.8519
Mean absolute error                      0.013 
Root mean squared error                  0.098 
Relative absolute error                 17.5182 %
Root relative squared error             50.9485 %
Total Number of Instances            20000     

Confusion Matrix
   a   b   c   d   e   f   g   h   i   j   k   l   m   n   o   p   q   r   s   t   u   v   w   x   y   z   <-- classified as
 666   0   4   1  12   5  19   1   0   0   7   3   5   7   0   4   0   3   2  20   3   7   0   4  11  12 |   a = T
   0 630  11   0   0  17   5   0  16   0  14   8   0  22   2   0   0   2  13   4   0   4   3   0   0   4 |   b = I
   0   0 713   9   0   8  12   2   2   5   6   9  12   1   0   4   3   1   2   1   0   0   2   8   3   2 |   c = D
   0   0  17 712   1   0   5   1   1  13   0   6   3   8   0   8   1   2   1   0   0   0   1   2   1   0 |   d = N
   0   0   8   1 587   6  21  10   4   1   8  13  13   3   6   1   9   4  20   4   0   3  26   4  17   4 |   e = G
   2   1   5   0   1 657   5  10   3   0   4   0   3   8   0   0   0  20   4  13   1   3   3   0   2   3 |   f = S
   0   1  14   1   1   9 693   0   0   0   3   2  21   3   0   1   0   0   2   2   0   1   2   1   8   1 |   g = B
   1   0   8   1   1   5   2 720   6   4   1   0   2   1   0   3   4   1   0   0   1  10   2   8   4   4 |   h = A
   2   5   6   3   0  15   1   4 658   0  20   0   1   4   0   0   0   0   9   4   0   4   0   3   0   8 |   i = J
   0   0   3   9   3   0   5   0   0 746   0   2   4   1   0   0   7   0   2   2   0   0   1   1   6   0 |   j = M
   1   1  10   1   1   3   7   0   0   0 731   3   0   0   0   0   0   0   1  11   0   3   1   2   8   3 |   k = X
   0   1  13   0  10   0   2   6  10   4   0 625  17   0   3   4  21   0   4   0   2   0  18   9   3   1 |   l = O
   0   1  14  14   6   0  36  10   1   9   1   0 622   2   0   4   0   4   4   1   0   1   6   0  22   0 |   m = R
  12   3   2   2   0  16  14   0   6   0   7   0   4 647   2   1   1   2  29  17   0   5   2   0   2   1 |   n = F
   0   1   0   1  25   0   0   4   1   5   4  17   2   0 579   2   2  10   0  42   0   0   3  12  23   3 |   o = C
   3   0  37  24  23   4  20   6  27  12  11  34  39  15   1 340   0   9   6   1   9  12   6  19  72   4 |   p = H
   0   0   1   2   2   0  13   0   1  16   0   2   3   1   0   0 690   1   0   2   2   0   3   7   6   0 |   q = W
   0   0   0   1  11  12  11   2   0   1  12   0   7   0   1   0   0 661   1  23   0   2   2   5   9   0 |   r = L
   0   0   3   0   6   0   9   1   0   0   0   0   1  30   0   0   0   1 733   3   0   6   5   1   4   0 |   s = P
   1   0   0   0  15  12  11   0   0   0   8   0   5   3   2   0   0   3   2 662   0   1  19   0  16   8 |   t = E
   0   0   4   5   0   0  17   0   0   5   0   0   3   1   0   0  21   0  10   1 676   9   1   3   8   0 |   u = V
   8   1   0   0   0   1   3   1   3   2   1   0   0   5   0   0   2   0  13   0   7 724   8   3   4   0 |   v = Y
   0   0   5   0   6  23  19  18   1   0   2   6   2   0   1   0   2  25   1  17   1   1 628   0   6  19 |   w = Q
   0   0   0   3   1   0   5   3   1  17   0   4   2   0   2   1  10   0   0   0   0   1   1 755   7   0 |   x = U
   3   0   5   6   6   0   4   2   0   4  20   1  24   0   2   1   0   3   0   7   0   1   0   2 648   0 |   y = K
   2   0   2   1   0  26   0   4  13   0   6   0   5   0   2   0   0   9   4   7   0   0   3   0   0 650 |   z = Z

-----------------------------------------------------------------------------
||                                  Result                                 ||
-----------------------------------------------------------------------------
|| ANN || Neurons: 30 Layers: 2 Epochs: 200 Learning Rate: 1.0 Momentum: 3.0

Correctly Classified Instances       16756               83.78   %
Incorrectly Classified Instances      3244               16.22   %
Kappa statistic                          0.8313
Mean absolute error                      0.0136
Root mean squared error                  0.1045
Relative absolute error                 18.4394 %
Root relative squared error             54.3523 %
Total Number of Instances            20000     

Confusion Matrix
   a   b   c   d   e   f   g   h   i   j   k   l   m   n   o   p   q   r   s   t   u   v   w   x   y   z   <-- classified as
 621   1   6   2  12   5   8   1   0   1  16   3   1  18   0  17   3   0   0  12   7  35   3   5   4  15 |   a = T
   0 640   3   0   1  21   8   2  13   0  12   2   0  19   2   1   0   2  11   3   0   3   2   1   0   9 |   b = I
   0   1 666   5   1  10  32   4   2   2   9  22  12   6   1  20   0   2   4   0   0   1   0   5   0   0 |   c = D
   0   0  17 666   1   0   4  12   5  11   0  11   5   5   4  15   4   3   4   0   2   2   1   7   4   0 |   d = N
   0   3   6   1 568  10  16   4   4   1  10  16  13   3  17   7   5   7  12  10   2   2  41   4  10   1 |   e = G
   1   3   7   1   2 585  23  10   5   0   6   3   5  16   3   2   0   9   4  17   0   3   5   0   1  37 |   f = S
   1   1  18   1   8  24 640   1   1   0  11   2  21   5   0   2   3   0   7   5   1   1   7   0   2   4 |   g = B
   1   1   1   1   1   6   6 704   7   6   0   1   6   0   2   1   2   3   4   0   4   7   6   9   3   7 |   h = A
   0  10   4   1   1  22   2   5 639   1  13   6   1   8   0   5   0   1   5   3   0   2   5   2   1  10 |   i = J
   0   2   2   5   4   0   9   1   1 741   0   2   1   0   3   1   9   0   1   0   0   0   0   6   4   0 |   j = M
   4   1   3   0   2   5   3   0   1   0 723   6   2   3   1   0   0   0   1  12   0   4   1   3   6   6 |   k = X
   0   0  13   2   7   2   2   4   2  11   4 625  11   1   5   9  14   1   5   0   2   0  21  10   1   1 |   l = O
   0   1  18   5   7   4  51  18   1   1   4   4 574   1   3  23   6   2   3   2   0   0   3   2  25   0 |   m = R
  12   8   4   1   1  20  33   1   5   0   8   0   3 623   3   3   1   0  33   3   1   3   2   1   3   3 |   n = F
   2   2   1   0  28   7   0   4   0   4   4  12   1   2 604   9   1   2   1  29   0   0   5  11   7   0 |   o = C
   0   1  22   4  10   4  25   7   1   2   7   8  36   4   0 543   3   1  11   2   5   3   7   7  12   9 |   p = H
   0   0   1   2   6   0   2   6   0   9   0   3   0   1   0   1 693   0   2   1   2   0   4  16   3   0 |   q = W
   2   3   4   1  16  10  13   6   1   2  14   2   6   3   1   2   1 631   0  23   2   3   4   3   8   0 |   r = L
   1   2   3   1  12   3  10   1   1   0   0   3   4  37   0   2   1   0 697   1   3  12   6   0   3   0 |   s = P
   1   1   1   0  16  12   8   0   0   0  16   0   2   8   9   2   0   2   2 630   0   1  17   1   9  30 |   t = E
   4   1   0   1  10   0  13   1   0   0   0   2   2   1   6   1  13   0   3   2 669  15   5   9   4   2 |   u = V
   5   1   0   0   1   6   0   1   1   2   4   0   0  10   0   0   0   0   7   0  37 700   6   5   0   0 |   v = Y
   0   0   2   0  19   9  26  16   1   0   5  27   6   0   1   1   5  17   2  13   1   6 604   1   4  17 |   w = Q
   4   0   6   6   7   0   1   5   0  14   0  15   0   0   7  17   3   0   0   0   1   2   1 723   1   0 |   x = U
   0   1   7   3  12   1   6   2   0   2  34   1  26   2   3  20   4   2   0  18   1   0   1   2 591   0 |   y = K
   0   3   2   0   0  25   3   5   4   0   5   0   2   4   0   1   0   6   3  13   0   1   1   0   0 656 |   z = Z

-----------------------------------------------------------------------------
||                                  Result                                 ||
-----------------------------------------------------------------------------
|| ANN || Neurons: 21 Layers: 2 Epochs: 400 Learning Rate: 1.25 Momentum: 4.0

Correctly Classified Instances       16761               83.805  %
Incorrectly Classified Instances      3239               16.195  %
Kappa statistic                          0.8316
Mean absolute error                      0.0144
Root mean squared error                  0.1029
Relative absolute error                 19.4113 %
Root relative squared error             53.5178 %
Total Number of Instances            20000     

Confusion Matrix
   a   b   c   d   e   f   g   h   i   j   k   l   m   n   o   p   q   r   s   t   u   v   w   x   y   z   <-- classified as
 659   2   5   1   7   6  10   0   0   0  12   0   4   9   5   9   2   0   0  15   4  16   9   5   8   8 |   a = T
   1 644   6   2   1  16   2   0   6   0  12   6   0  17   9   0   1   1   7   2   0   6   6   0   2   8 |   b = I
   0   1 692   7   0   4  14   0   0   5   9  12  16   1   0  18   1   0   8   0   2   1   1   7   1   5 |   c = D
   0   0  21 700   1   0   2   0   2   8   0  13   8   3   1  12   4   0   0   0   0   4   0   3   1   0 |   d = N
   0   6   9   5 534   9   8   7   1   1   7  12  26   5  35   9   4   3   3  18   0   6  45   3  11   6 |   e = G
   5   7   4   0   1 600  18   1   5   1  10   1  11  14   1   6   0   4   4  17   0   5   5   0   7  21 |   f = S
   1   1  26   0   8  11 650   0   0   0   7   2  34   4   1   4   1   0   2   7   0   0   1   1   4   1 |   g = B
   0   0   3   5   2   8   3 690   1   5   2   3   5   9   0   5   3   3   2   1   2  11   7  17   0   2 |   h = A
   0  12   6   3   0   9   0   4 573   1  15   8   3  41   1   4   0   6   9   6   0  13  11   2   2  18 |   i = J
   0   0   1   8   6   0  12   0   0 731   0   1   3   0   1   3  10   0   1   1   1   0   0  12   1   0 |   j = M
   1   4   9   0   4   5   7   0   0   0 703   0   9   3   0   3   0   2   0   9   0   6   3   2  16   1 |   k = X
   0   1  17   9   8   3   3   4   3   4   1 612  11   1   5  11  11   4  10   0   2   0  26   7   0   0 |   l = O
   0   0  24  17   9   0  38   2   0   1   6   4 621   2   2  10   1   0   0   3   0   0   4   0  14   0 |   m = R
  16   9  12   1   3   9  15   0   1   1   6   0   2 639   3   3   6   0  13  17   1   5   3   0   1   9 |   n = F
   2   2   1   3  18   2   4   1   0   2   1  16   7   2 581   8   2   1   0  32   2   0   5  16  26   2 |   o = C
   1   3  26   7   8   2  18   4   0   4   7  13  35   8   3 516   0   0   3   1   2  12   8  15  37   1 |   p = H
   0   0   0  10   9   0   4   1   0  12   0   4  13   0   0   2 680   0   1   0   4   0   4   5   3   0 |   q = W
   2   1   5   1  11   7  15   0   0   1  12   0  12   6   5   8   0 633   0  12   0   7  10   4   4   5 |   r = L
   2   1   8   2   9   6   5   0   0   0   1   7   1  48   3   0   2   0 685   4   1   2  12   1   3   0 |   s = P
   5   2   1   0  17   7  10   0   0   0  25   0   9  12   4   1   0   0   0 644   0   0   8   1  13   9 |   t = E
   0   0   2   1   7   0  15   1   0   1   0   3   4   1   1   4  14   0   6   3 673  15   8   4   1   0 |   u = V
  32   4   4   0   2   2   5   0   3   2   1   1   1  13   0   0   2   0   5   2  20 666   9   8   0   4 |   v = Y
   0   3   6   1  16  14  14   6   0   1  11  24   3   7   1   1   0   4   4  11   0   3 638   3   0  12 |   w = Q
   1   0   0   8   2   0   1   0   0  17   2   9   0   0   5   8  10   0   1   0   0   0   3 744   2   0 |   x = U
   0   0   3   1   5   3   7   2   0   3  22   1  28   2   3  27   0   1   0   6   0   1   3   4 616   1 |   y = K
   1   4   4   0   0  18   1   2   0   0   8   0   2   5   0   1   0  11   1  25   0   7   6   0   1 637 |   z = Z

-----------------------------------------------------------------------------
||                                  Result                                 ||
-----------------------------------------------------------------------------
|| ANN || Neurons: 21 Layers: 1 Epochs: 800 Learning Rate: 2.0 Momentum: 3.25

Correctly Classified Instances       16515               82.575  %
Incorrectly Classified Instances      3485               17.425  %
Kappa statistic                          0.8188
Mean absolute error                      0.0152
Root mean squared error                  0.1079
Relative absolute error                 20.5423 %
Root relative squared error             56.1264 %
Total Number of Instances            20000     

Confusion Matrix
   a   b   c   d   e   f   g   h   i   j   k   l   m   n   o   p   q   r   s   t   u   v   w   x   y   z   <-- classified as
 663   3   8   1   3   7  10   0   1   2  13   1   2   8   0   9   0   1   1  18   2  12   3  10   7  11 |   a = T
   3 616  13   0   0  24  11   4  12   0  14   9   0  16   1   0   0   4  12   3   0   7   1   0   0   5 |   b = I
   0   0 685  17   1   0  29   3   3   4   8   7  21   3   0  10   0   0   5   0   0   1   0   7   1   0 |   c = D
   0   0  14 690   0   0   5   7   0   8   1  11   6   6   0  16   5   0   5   0   0   3   0   5   1   0 |   d = N
   0   3   6   2 544  14   7   8   0   1  13  10  15   5  10  20   0   9  31   4   1   3  44   4  17   2 |   e = G
   1   3   5   0   5 545  28  11  11   0   8   3   6  10   6   2   0  29   3  29   0  10   2   0   2  29 |   f = S
   0   0  20   0   1  14 621   1   1   0   8   9  32   3   0   9   0   1  14  11   0   6   1   2  11   1 |   g = B
   2   0   8   3   0   7   3 719   1   3   0   2   1   0   0   1   3   0   1   0   1  13   5   7   4   5 |   h = A
   1  17  19   3   0  19   2  11 579   0  17   2   0  19   5   3   0   1  19   4   0   3   1   2   1  19 |   i = J
   0   0   3  17   0   0   7   1   0 713   0   4   6   3   0  16   9   0   1   1   0   0   1   6   4   0 |   j = M
   2   2   7   0   0   4   7   1   0   0 713   1   5   0   2   2   0   2   1   9   1   7   2   2  13   4 |   k = X
   0   0  25   6   1   0   8  12   2   3   4 596  12   1   0  21  20   2   9   0   1   0  20   9   1   0 |   l = O
   1   0  19  15   3   0  22   5   0   3   6   3 600   1   1  20   0   3  19   4   0   2   3   4  24   0 |   m = R
  35   5   7   7   0  15  15   4   3   0   8   0   1 583   3   7   1   0  42  15   1  16   2   2   2   1 |   n = F
   1   3   0   1  20   7   1   9   1   2   2  17   1   6 560   8   0   6   2  40   0   0   8  20  21   0 |   o = C
   0   0  20   6   6   2  18   4   1   7   4  13  35   6   1 541   0   1  26   1   2   8   2   5  21   4 |   p = H
   0   0   5  14   0   0   8   2   0  11   0   3   4   0   0   8 664   0   6   3   4   0   6   7   7   0 |   q = W
   0   1   0   1  11   9  14   2   0   0  15   1   8   1   0   2   0 637   6  11   0  11   7  12  10   2 |   r = L
   1   1   2   1   4   2  17   0   0   0   1   6   2  37   1   2   0   0 704   1   1   9   6   1   4   0 |   s = P
   0   3   1   1   6  22   5   0   0   0  11   1   9   9   3   3   0   1   9 625   0   1  28   1  18  11 |   t = E
   1   0   6   6   0   0   8   7   0   2   0   1   1   4   0  10   9   0  16   3 673  12   2   3   0   0 |   u = V
  15   3   4   2   0   4   3   1   1   1   6   0   0   4   0   3   0   0  32   0  11 678   8   7   1   2 |   v = Y
   0   2   8   1   6  15  31  19   0   1   4  29   3   0   6   0   1  24   2  14   2   3 584   5   8  15 |   w = Q
   0   0   1   6   0   0   2   4   3  15   1  12   3   0   1   8   9   1   2   0   1   1   4 736   3   0 |   x = U
   0   0   7   7   1   1  14   5   0   2  21   3  29   0   0  28   0   1   0   6   2   0   2   5 604   1 |   y = K
   4   0   7   0   2  37   4   1   4   0   7   0   1   2   1   0   0   6   0  13   0   2   1   0   0 642 |   z = Z

-----------------------------------------------------------------------------
||                                  Result                                 ||
-----------------------------------------------------------------------------
|| ANN || Neurons: 25 Layers: 2 Epochs: 600 Learning Rate: 3.5 Momentum: 1.5

Correctly Classified Instances       16984               84.92   %
Incorrectly Classified Instances      3016               15.08   %
Kappa statistic                          0.8432
Mean absolute error                      0.0129
Root mean squared error                  0.1004
Relative absolute error                 17.47   %
Root relative squared error             52.2191 %
Total Number of Instances            20000     

Confusion Matrix
   a   b   c   d   e   f   g   h   i   j   k   l   m   n   o   p   q   r   s   t   u   v   w   x   y   z   <-- classified as
 663   1   4   3  12   8  10   0   0   0  10   2   6   4   0  11   0   1   2  24   0  13   4   4   3  11 |   a = T
   4 639   9   2   3  11   5   3  13   1  14   3   0  11   2   0   0   5   6   2   0   5   4   0   0  13 |   b = I
   0   0 697   5   0   3  13   1  11   2   5  12  13   2   0  23   0   0   7   3   0   1   0   3   2   2 |   c = D
   0   0  19 701   0   0   0   4   2   5   0   9  14   4   0  10   4   0   2   0   1   1   0   6   1   0 |   d = N
   0   1   5   1 555   4  15   9   1   5   2  16  26   3  30   4   5   9   4  14  13   2  28   6  10   5 |   e = G
   4   8   4   1   7 575  13   6   6   0  14   3   8  12   5   1   0  18   4  31   0   5   2   1   2  18 |   f = S
   0   0  17   5   1  12 676   0   1   0   4   1  24   1   0   6   1   1   0   7   2   2   2   0   1   2 |   g = B
   1   0   6   6   0   5   0 713   5   6   4   0   5   2   1   1   1   3   4   1   3   4   3   4   6   5 |   h = A
   1  24   4   5   1  10   4   6 605   0  19   1   1  16   1   3   1   1   6   3   0   1   3   6   2  23 |   i = J
   0   0   3   6   0   0   6   3   0 739   0   0   9   0   0   1   8   0   1   0   2   1   4   5   4   0 |   j = M
   2   2   7   0   5   6   5   0   3   0 714   1   0   5   1   2   0   0   0  10   0   5   1   2  13   3 |   k = X
   0   3  16   6   5   3   4   7   0   3   2 606  12   1   0   8  23   4   2   0   6   4  31   6   1   0 |   l = O
   0   2  10  10   1   2  30   1   1   2   9   5 655   0   0   9   0   1   0   2   0   2   2   1  13   0 |   m = R
  14   8   4   0   3  13   7   0   2   0   5   0  13 636   5   1   1   3  29  13   0   5   1   1   2   9 |   n = F
   1   1   0   0  33   0   1   5   0   4   4  11   7   0 571  14   0   4   4  33   5   0   4  16  17   1 |   o = C
   0   0  20  16   7   4  17   6   1   1   3   5  39   1   0 549   2   0   6   2   1  11   6   6  28   3 |   p = H
   0   0   0   6   2   0   6   2   0   8   0   1   8   0   0   1 701   0   1   1   4   0   2   3   6   0 |   q = W
   0   2   3   1  17   6   5   2   0   0  25   0   9   3   3   5   0 635   1  21   5   2   2   5   5   4 |   r = L
   0   3   3   1   9   1   8   2   2   0   0   4   5  45   1   1   2   0 699   5   1   3   7   1   0   0 |   s = P
   1   3   1   0  14  11  11   0   0   0  10   1  13   6   8   0   1   2   3 648   4   1  12   0   6  12 |   t = E
   5   0   3  10   2   0  13   1   0   1   0   0   7   2   0   1  15   0   2   3 670  19   5   3   2   0 |   u = V
  12   0   1   1   0   2   1   1   0   2   2   1   0   3   0   0   2   0   5   0  10 735   4   3   0   1 |   v = Y
   0   1   3   0  10   5  22  14   3   0   2  27   5   2   0   0   1  19   2  25   0   4 607   6   6  19 |   w = Q
   1   0   3  14   1   0   2   6   1  14   0   7   5   1   2   9   4   0   0   2   2   0   3 732   4   0 |   x = U
   0   0   3   6   9   3   4   3   2   1  21   0  34   3   4  12   2   3   0  14   0   1   1   7 606   0 |   y = K
   3   3   3   0   1  21   4   2   6   0   5   0   2   0   0   0   0   7   1  16   0   1   2   0   0 657 |   z = Z

-----------------------------------------------------------------------------
||                                  Result                                 ||
-----------------------------------------------------------------------------
|| ANN || Neurons: 33 Layers: 1 Epochs: 1200 Learning Rate: 2.0 Momentum: 2.75

Correctly Classified Instances       17128               85.64   %
Incorrectly Classified Instances      2872               14.36   %
Kappa statistic                          0.8506
Mean absolute error                      0.0123
Root mean squared error                  0.1007
Relative absolute error                 16.6873 %
Root relative squared error             52.3665 %
Total Number of Instances            20000     

Confusion Matrix
   a   b   c   d   e   f   g   h   i   j   k   l   m   n   o   p   q   r   s   t   u   v   w   x   y   z   <-- classified as
 663   0   3   0   6   2   8   1   0   0  11   4   2   8   3  12   0   3   0  28   4  15   0   6   6  11 |   a = T
   3 626  11   1   0  14   7   2  14   0  24   3   1  16   4   0   0   3  10   2   0   2   5   0   0   7 |   b = I
   0   1 700  11   2   0  22   9   0   5   7   6  17   0   1  11   0   1   1   0   0   2   2   3   2   2 |   c = D
   0   0  14 706   1   0   2   5   1   9   0   7   7   4   2  11   2   0   1   0   1   3   0   4   3   0 |   d = N
   0   1   6   1 552  10  19   9   0   1   7  10  15   3  18   3   5   2  15   5   5   4  50   5  25   2 |   e = G
   4  11   5   0   2 534  30  12   6   0  22   9   3  12   6   0   0  16   5  24   3   9  14   0   5  16 |   f = S
   0   1  17   0   3   2 682   4   0   1   5   3  24   2   0   4   0   0   4   5   0   1   2   1   4   1 |   g = B
   0   0   5   2   0   4   4 729   5   2   1   1   2   0   2   4   1   1   1   0   2   5   6  10   2   0 |   h = A
   0  14   7   6   0  14   1   9 617   0  19   2   1  19   1   4   0   3   8   3   0   2   4   1   0  12 |   i = J
   0   0   3   8   1   0   9   3   0 731   0   2   3   0   5   0   6   0   2   1   2   0   2   5   9   0 |   j = M
   4   1   5   0   1   3   3   1   2   0 731   1   0   2   1   1   0   0   0   9   0   3   3   0  12   4 |   k = X
   0   1  19   3   4   4   3   7   3   3   0 601  12   0  13  11  21   1  16   0   1   0  25   3   1   1 |   l = O
   0   0  15  14   3   1  26  14   0   2   4   1 628   1   1   5   0   0   2   3   1   0   4   3  29   1 |   m = R
  20   7   2   5   0   4  20   2   1   0  13   0   1 638   1   2   1   0  29  10   1   3   7   0   3   5 |   n = F
   0   2   1   0   7   0   7   1   2   5   6   4   0   2 615   4   1   1   1  39   0   1   5   6  23   3 |   o = C
   0   0  18   8   5   1  29   7   0   4   4  10  33   4   2 552   3   1   7   2   3  14   6   3  18   0 |   p = H
   0   0   1  14   1   0   6   0   0  11   0   1   2   1   1   0 684   0   9   1   4   1   5   4   6   0 |   q = W
   0   0   0   1   9   5   6   2   0   0  19   2   6   0   5   4   0 645   3  23   2  11   7   0   7   4 |   r = L
   0   2   5   3   5   1  12   3   0   0   0   0   7  28   1   0   1   0 718   3   2   4   6   0   2   0 |   s = P
   1   0   0   0   7   8   6   1   0   0   8   0   6   2   4   2   0   0   6 669   2   2  12   0  24   8 |   t = E
   0   0   3   4   0   0  20   3   0   1   2   0   2   2   1   1  26   0   8   1 667  15   3   2   3   0 |   u = V
  21   0   0   0   0   0   0   1   2   2   2   0   0   4   0   0   1   0  13   0   9 718   7   5   0   1 |   v = Y
   0   0   7   0   2   3  13   9   2   0   6  15   7   0   0   0   2   3   4   6   1   2 692   2   1   6 |   w = Q
   0   0   0   5   0   0   5   6   0  15   1   6   2   1   3   4  10   1   2   3   0   0   2 743   4   0 |   x = U
   0   0   5   1   4   1  11   2   0   1  12   0  21   1   1   6   0   3   0  10   1   0   1   1 657   0 |   y = K
   5   1   1   0   0  27   2  14   6   0   9   0   1   1   0   1   0   7   3   8   0   5  13   0   0 630 |   z = Z

-----------------------------------------------------------------------------
||                                  Result                                 ||
-----------------------------------------------------------------------------
|| ANN || Neurons: 41 Layers: 1 Epochs: 1200 Learning Rate: 3.75 Momentum: 2.25

Correctly Classified Instances       17560               87.8    %
Incorrectly Classified Instances      2440               12.2    %
Kappa statistic                          0.8731
Mean absolute error                      0.0106
Root mean squared error                  0.0927
Relative absolute error                 14.3885 %
Root relative squared error             48.2055 %
Total Number of Instances            20000     

Confusion Matrix
   a   b   c   d   e   f   g   h   i   j   k   l   m   n   o   p   q   r   s   t   u   v   w   x   y   z   <-- classified as
 660   0   8   2  12   8   2   5   3   0   4   2   8   5   0   8   0   2   1  24   0   7   2   6   9  18 |   a = T
   1 665   6   0   0   7   4   8   5   0  15   0   3  13   3   0   0   4   6   0   0   1   5   0   1   8 |   b = I
   0   0 734   9   2   1   5   1   0   6   0  10   8   2   0   7   1   1   6   0   0   0   2   6   4   0 |   c = D
   0   0  14 700   0   0   3   4   0   6   0  15   5   4   0   9   6   0   9   0   1   2   1   2   2   0 |   d = N
   0   1   8   1 570  10   6  23   0   1   7  12  21   8  17   0   3   1  12  12   2   2  33   4  17   2 |   e = G
   3   5   6   0   3 618  14  11   0   0   8   8   3   8   1   2   0  13   5  12   1   6   8   0   4   9 |   f = S
   0   1  17   1   1   5 682   1   0   0   5   1  23   3   1   1   0   1   1   5   1   3   4   0   7   2 |   g = B
   0   0   2   3   3  12   2 722   3   6   0   1   2   0   2   3   0   3   4   0   1   7   7   5   0   1 |   h = A
   0  17   3   2   0  10   1   9 614   1  19   3   0  19   1   0   0   4   9   3   0   1   9   1   1  20 |   i = J
   0   0   1  18   1   1  10   3   1 729   0   0   6   0   1   2   7   0   0   1   3   0   2   4   2   0 |   j = M
   2   5   5   0   2   2   0   3   2   0 726   3   3   2   0   1   0   4   0   5   0   6   2   1  12   1 |   k = X
   0   0  18  10   3   0   0   7   4   5   0 637   9   0   3   2  16   0   5   0   4   0  18   9   2   1 |   l = O
   0   0   9  10   3   4  27  11   1   1   3   3 649   0   0   8   0   0   2   3   0   2   5   1  16   0 |   m = R
  13   9   3   3   0   8  13   2   5   0   5   0   2 673   1   1   1   1  18   8   0   3   1   1   3   1 |   n = F
   1   0   0   3  23   0   0  10   1   2   3  13   0   0 619   4   0   3   0  16   0   0   3  14  21   0 |   o = C
   0   1  15  10   9   0  22   5   2   6   4   3  30   5   3 547   1   2   4   1   1  15   6   4  37   1 |   p = H
   0   0   0   5   0   0  10   4   2   9   0   0   7   1   0   2 692   0   2   0   2   1   4   1  10   0 |   q = W
   0   0   0   3   7   4   3   3   0   1   7   0   7   0   4   3   0 674   0  14   3   5  11   2   9   1 |   r = L
   0   1   2   0   6   1   9   0   0   0   1   2   3  25   5   3   1   1 725   2   2   5   8   0   1   0 |   s = P
   0   0   0   0   8   8   5   2   0   0   3   0  10   4   4   1   0   0   0 690   1   1  12   0   4  15 |   t = E
   1   0   2   3   0   0  23   2   0   5   0   2   5   3   3   0  15   0   1   1 681  10   1   4   2   0 |   u = V
   4   0   4   0   0   3   1   0   2   0   3   0   0   5   0   0   3   0  10   1   8 737   4   1   0   0 |   v = Y
   0   1   4   0   4   0   2   4   3   0   2  12   2   0   1   1   2   4   2   2   0   0 729   1   4   3 |   w = Q
   2   0   2   2   2   0   3   2   1  16   1   2   1   0   1   3  13   0   0   0   0   0   2 756   4   0 |   x = U
   0   1   5   2   2   3  10   3   1   0  18   0  22   0   1   4   0   3   0   0   0   1   2   0 661   0 |   y = K
   1   0   2   0   0  19   0   7   2   0   4   0   2   2   0   0   0   3   0   9   0   3  10   0   0 670 |   z = Z

-----------------------------------------------------------------------------
||                                  Result                                 ||
-----------------------------------------------------------------------------
|| ANN || Neurons: 27 Layers: 2 Epochs: 1400 Learning Rate: 1.25 Momentum: 1.5

Correctly Classified Instances       17086               85.43   %
Incorrectly Classified Instances      2914               14.57   %
Kappa statistic                          0.8485
Mean absolute error                      0.0122
Root mean squared error                  0.1001
Relative absolute error                 16.4881 %
Root relative squared error             52.0348 %
Total Number of Instances            20000     

Confusion Matrix
   a   b   c   d   e   f   g   h   i   j   k   l   m   n   o   p   q   r   s   t   u   v   w   x   y   z   <-- classified as
 638   1  11   0   8   5  15   3   2   0   6   1   5  17   1  13   0   1   1  13   4  22   3   7   8  11 |   a = T
   2 648   6   2   0  12   5   0   4   0  10   2   1  21   2   0   0   8   9   2   0   3   4   0   3  11 |   b = I
   1   1 704  11   0   4  16   1   2   1   8  11   7   1   0  21   0   0   5   4   0   0   0   5   2   0 |   c = D
   1   0  28 682   1   0   4   1   0  14   0   7   6   3   1  11   7   0   1   1   1   1   0  10   3   0 |   d = N
   0   0  10   1 626   9  10   7   0   0   9   7   5   7  20   9   3   2   7  10   3   2  18   0   7   1 |   e = G
   4   2   7   0   1 607  32   7   6   0   7   3   7  12   0   1   0   9   2  12   0   3   4   0   3  19 |   f = S
   0   0  18   2   2  12 680   0   0   0   4   0  22   0   0   2   0   0   2  11   0   5   1   1   3   1 |   g = B
   1   0   4   9   1   1   4 708   4   4   4   1   3   3   1   2   1   3   3   0   5  10   1   7   5   4 |   h = A
   1  20   9   3   1  16   6   3 608   0  11   3   2  17   1   5   0   1   8   2   0   3   4   1   0  22 |   i = J
   0   0   1  13   9   1   6   4   1 729   0   4   4   0   0   3   9   0   0   3   0   1   0   4   0   0 |   j = M
   2   3  14   0   9   5   4   0   0   0 707   1   2   2   0   1   0   0   0  13   0   5   4   1  13   1 |   k = X
   1   0  13   7   5   2   7   2   3   6   4 622  13   0   1  13   8   1   5   0   6   0  27   6   1   0 |   l = O
   0   0  17   6   5   0  48   1   0   3   1   7 623   2   0  22   0   1   1   2   0   3   3   0  11   2 |   m = R
  19   6   2   5   4  16  15   0   2   0   4   0   8 630   2   2   4   0  25  14   3   8   3   0   1   2 |   n = F
   1   3   0   4  34   5   3   0   0   0   4  10   3   4 593  11   0   3   0  31   4   0  10   9   4   0 |   o = C
   0   1  19  10  10   3  22   4   0   2   7  17  43   3   1 536   0   1   8   3   2   7   5   5  22   3 |   p = H
   0   0   1  12   6   0  13   3   0  10   0   7   6   1   0   2 672   0   0   0   5   3   3   5   3   0 |   q = W
   0   1   1   3  13  12  11   3   1   0  18   1  18   2   0   6   0 640   0  13   0   0  12   1   4   1 |   r = L
   1   2   7   2  10   4   9   1   0   0   0   4   4  22   1   4   0   0 718   1   3   5   5   0   0   0 |   s = P
   3   1   0   0  22  11  11   0   0   0   8   2   9   5  10   4   0   1   0 644   0   1  20   0   6  10 |   t = E
   0   0   0  10  11   1  12   1   1   2   2   2   6   1   2   2   8   0   1   5 674  20   2   0   1   0 |   u = V
  17   1   3   0   0   2   1   1   1   1   2   0   0   3   0   0   4   0   5   0  15 720   3   2   0   5 |   v = Y
   0   1   7   0  21   9  10   8   2   0   2  21   2   4   3   0   2   4   0  19   1   6 653   1   3   4 |   w = Q
   1   0   1  12   2   0   0   3   1  12   1   1   3   1   7   7   8   0   0   1   2   6   3 740   1   0 |   x = U
   0   1   7   3   5   3   7   2   0   3  16   1  31   2   6  19   0   5   0   8   2   1   1   2 613   1 |   y = K
   2   7   3   0   2  17   1   0   1   0   5   0   2   1   0   0   0   1   0  12   0   2   7   0   0 671 |   z = Z

-----------------------------------------------------------------------------
||                                  Result                                 ||
-----------------------------------------------------------------------------
|| ANN || Neurons: 37 Layers: 1 Epochs: 200 Learning Rate: 2.0 Momentum: 3.75

Correctly Classified Instances       17156               85.78   %
Incorrectly Classified Instances      2844               14.22   %
Kappa statistic                          0.8521
Mean absolute error                      0.0132
Root mean squared error                  0.0972
Relative absolute error                 17.8023 %
Root relative squared error             50.5397 %
Total Number of Instances            20000     

Confusion Matrix
   a   b   c   d   e   f   g   h   i   j   k   l   m   n   o   p   q   r   s   t   u   v   w   x   y   z   <-- classified as
 665   0   4   0  15   3   6   0   0   0  18   2   5   9   4   5   3   2   0  16   1   8   3   4   8  15 |   a = T
   0 639  13   0   0  10   6   1  13   0  18   4   0  13   2   0   0   4  11   0   0   5   4   0   2  10 |   b = I
   0   2 732   8   0   6   7   4   0   4   3   8  13   0   0   2   2   1   3   0   0   0   0   7   3   0 |   c = D
   0   0  16 729   1   0   2   0   0   7   0   6   6   2   0   4   2   0   1   0   1   0   0   3   3   0 |   d = N
   0   1   9   0 602  16  21  14   1   2   5   4   3   0   6   0   6   7  13  14   8   4  22   2  12   1 |   e = G
   3   5   3   0   2 637  13   5   6   0  11   2   5   6   0   0   2   9   7  14   1   5   2   0   3   7 |   f = S
   0   0  23   0   0   9 685   2   0   0   4   2  23   2   0   2   0   0   1   5   1   1   1   0   5   0 |   g = B
   1   0   3   6   0   3   1 722   4   9   2   0   0   2   0   0   6   2   2   0   5   4   3   8   3   3 |   h = A
   1  16   9   2   0   7   3   8 605   1  18   1   2   9   0   0   0   2   6   2   0   6   6   0   1  42 |   i = J
   0   0   1   9   4   0  11   3   0 744   0   0   5   0   0   2   6   0   1   5   1   0   0   0   0   0 |   j = M
   3   0  12   0   2   5   2   1   0   0 727   2   2   2   0   0   0   0   0  10   0   6   1   1   9   2 |   k = X
   1   0   9  14  12   0   3   9   4   4   0 616  11   0   5   5  21   3   6   0   2   0  19   7   2   0 |   l = O
   0   0  20  20  11   0  25   5   1   1   6   1 624   1   0   5   0   0   2   5   0   0   4   2  25   0 |   m = R
  13   5   3   1   4  27  16   0   0   0   3   0   0 645   2   0   0   0  26  18   1   4   3   0   1   3 |   n = F
   0   1   0   3  21   0   4   0   0   2   4  13   1   3 590   0   3   9   0  31   4   1   8  11  26   1 |   o = C
   1   0  60  19  19   5  21   6   9  11  14  34  45  16   2 329   7   1   2   7  20  10   5  16  71   4 |   p = H
   0   0   2  11   0   0   7   2   0  15   0   0   3   0   0   1 691   1   0   2   3   1   3   0  10   0 |   q = W
   0   0   1   0  13   7  15   4   0   1  13   0   7   2   0   1   0 650   0  28   0   4   3   5   7   0 |   r = L
   0   2   4   0  13   1   7   2   0   0   0   1   2  25   0   0   2   0 721   7   1   7   7   0   0   1 |   s = P
   0   1   1   0  11   8   5   1   0   0  12   0   3   2   0   0   0   5   0 696   0   0  12   1   6   4 |   t = E
   1   0   5   3   4   1  16   3   0   2   0   1   3   2   0   0  13   0   4   3 687  11   1   3   1   0 |   u = V
   9   0   3   2   1   2   0   0   2   3   2   0   0   4   0   0   1   0   7   0  10 724   8   7   0   1 |   v = Y
   0   6   3   0  21  17  11  14   0   0   1  11   9   2   0   0   3  17   6  19   0   6 618   0   2  17 |   w = Q
   0   0   0   1   2   0   7   0   2  14   1   6   0   0   3   1   7   0   0   0   3   0   3 760   3   0 |   x = U
   2   0   5   3   2   2   7   0   0   0  19   0  23   1   4   3   0   0   0   6   2   0   0   3 657   0 |   y = K
   0   0   0   0   0  33   3   8   1   0   7   0   2   2   0   0   0   2   1  12   0   2   0   0   0 661 |   z = Z

-----------------------------------------------------------------------------
