||                                  Result                                 ||
-----------------------------------------------------------------------------
|| ANN || Neurons: 20 Layers: 1 Epochs: 200 Learning Rate: 4.0 Momentum: 2.25

Correctly Classified Instances       16326               81.63   %
Incorrectly Classified Instances      3674               18.37   %
Kappa statistic                          0.8089
Mean absolute error                      0.0171
Root mean squared error                  0.1097
Relative absolute error                 23.1769 %
Root relative squared error             57.0478 %
Total Number of Instances            20000     

Confusion Matrix
   a   b   c   d   e   f   g   h   i   j   k   l   m   n   o   p   q   r   s   t   u   v   w   x   y   z   <-- classified as
 649   1   6   0   9  10  12   0   0   0   7   3   6   8   0   9   1   1   0  37   5  14   1   7   5   5 |   a = T
  12 605   8   0   0  14   6   2   8   0  21   3   1  16   1   0   0   0  31   2   0   7   2   0   2  14 |   b = I
   1   0 693   7   1   1  26   1   2   7   5  11  18   7   0   5   0   2   3   0   1   1   1   6   2   4 |   c = D
   1   0  18 668   0   0   6   0   0   7   1  12  19   9   0   9   6   1   2   2   2   5   3   4   8   0 |   d = N
   0   0   9   1 538  18   9   6   1   2  14   9  33   4  13   3   1   6  10   6  10   0  52   4  24   0 |   e = G
   6   6   4   0   5 553  34   8   5   0  17   4  13   7   0   0   0   7   5  35   1   8   2   0   2  26 |   f = S
   0   1  13   0   1  17 645   0   0   0  15   5  40   2   0   0   0   2   5   7   0   2   4   1   5   1 |   g = B
   0   1  10   1   1  10   1 699   0   5  10   0   8   4   0   3   5   1   1   0   2   9   6   9   2   1 |   h = A
   1  17  24   5   1  15   2   5 593   0  17   6   6  10   1   2   0   0   7  11   0   1   2   0   0  21 |   i = J
   0   0   2  10   0   0  13   0   0 732   0   0  12   0   0   4   8   0   0   1   1   0   1   1   7   0 |   j = M
   0   6   6   0   6  13   9   0   2   0 674   0   7   1   0   0   0   2   1   8   0  11  16   4  19   2 |   k = X
   1   0  24   3   0   0   1   8   0   4   2 592  24   2   5   8  17  12   5   1   3   0  32   8   1   0 |   l = O
   0   0  13   8   3   1  41   5   1   3  17   3 623   0   0   2   0   4   3   2   0   0  10   0  19   0 |   m = R
  15   7  11   7   0  12  15   0   3   1   8   0   4 596   6   0   1   1  43  30   0   5   4   2   3   1 |   n = F
   7   0   2   0  12   7   0   0   0   5   3  13   4   3 575   5   4   2   3  19   2   0  13  19  38   0 |   o = C
   0   0  29  32   4   3  28   3   1   1  26  32  46  10   5 381   0   5   5   2  16  12   8  27  58   0 |   p = H
   0   0   0   9   0   0   8   0   0  16   0   5  10   0   0   0 657   1   0  11  10   0  11   6   8   0 |   q = W
   0   1   1   0  15  12  16   0   0   0  26   0   4   1   2   2   1 632   0  30   0   2   3   5   7   1 |   r = L
   0   1   5   0   9   2  16   1   0   0   0   5   9  43   0   0   3   0 679   1   3  10   8   0   8   0 |   s = P
   1   2   1   0   6  21  11   0   2   0  19   0  16   6  21   0   0   0   1 597   2   5  22   0  17  18 |   t = E
   2   0   9   3   0   0  12   0   0   1   0   0   7   3   0   1  13   0   5   2 678   9   9   4   6   0 |   u = V
  12   0   6   0   0   4   7   0   4   1   4   0   1  11   0   2   0   0   6   3  11 691  16   3   0   4 |   v = Y
   0   0  11   0  12  17  17  15   0   0   5  19   6   1   0   0   0  23   4  20   0   2 616   0   3  12 |   w = Q
   1   0   5  10   0   0   3   0   0  19   0  15   7   1   1   6   7   0   1   2   1   2  11 719   2   0 |   x = U
   0   0   1   8   2   0   9   0   0   0  34   3  38   0   6   6   0   2   3   8   0   0   1  10 608   0 |   y = K
   6   1   4   0   1  34   0   1   2   0  14   0   4   4   1   0   0   5   4  16   0   2   2   0   0 633 |   z = Z

-----------------------------------------------------------------------------
||                                  Result                                 ||
-----------------------------------------------------------------------------
|| ANN || Neurons: 36 Layers: 2 Epochs: 200 Learning Rate: 1.5 Momentum: 2.75

Correctly Classified Instances       17747               88.735  %
Incorrectly Classified Instances      2253               11.265  %
Kappa statistic                          0.8828
Mean absolute error                      0.0101
Root mean squared error                  0.0863
Relative absolute error                 13.6311 %
Root relative squared error             44.8939 %
Total Number of Instances            20000     

Confusion Matrix
   a   b   c   d   e   f   g   h   i   j   k   l   m   n   o   p   q   r   s   t   u   v   w   x   y   z   <-- classified as
 657   0  11   0  14   6  17   1   0   0  11   2   4  12   5   6   0   2   0  13   1  12   6   2   3  11 |   a = T
   0 689   6   0   0   4   3   3   2   0  14   0   1  19   1   0   0   0   2   0   0   2   2   0   0   7 |   b = I
   0   0 743   6   0   1   7   1   1   2   1   2  11   1   0  15   0   1   3   0   0   1   0   8   1   0 |   c = D
   0   0   7 724   1   0   0   3   0   6   0  14  12   1   0   8   0   0   1   0   1   1   0   3   1   0 |   d = N
   0   1   8   3 644   7   5   9   1   2   7   7   9   3   9   3   4   1   0  17   8  10   4   1   9   1 |   e = G
   4   1   8   0   0 677   8   1   0   0   4   1   5  12   1   0   0   2   0  11   0   2   2   0   0   9 |   f = S
   0   2  11   0   4   4 715   0   0   0   4   0  13   2   0   1   0   0   1   5   0   1   0   0   2   1 |   g = B
   0   0   1   1   2   6   3 742   2   1   0   3   0   2   1   0   0   2   0   2   0  14   2   4   1   0 |   h = A
   1  24   6   5   1  14   5   5 581   0  23   8   2  27   0   6   0   3  10   1   1   2   4   1   0  17 |   i = J
   0   0   1   8   6   0  10   1   0 745   0   2   3   0   3   6   2   0   0   1   1   0   0   3   0   0 |   j = M
   0   1   5   0   1   0   3   0   1   0 745   1   4   1   1   0   0   0   1   7   1   2   1   1   9   2 |   k = X
   0   2  18   3  12   5   1   8   0   6   2 636  10   0   2   4  16   0   2   0   5   0  14   7   0   0 |   l = O
   0   0  11  10   5   0  19   3   0   2   2   2 681   0   0  10   0   1   1   3   0   0   1   0   6   1 |   m = R
   7   7   6   0   3   3  14   1   1   0   2   0   3 682   1   1   2   0  19  13   2   5   0   0   1   2 |   n = F
   0   0   0   1  30   1   0   3   0   3   3  14   5   1 619   4   0   3   0  25   0   1   5   7  11   0 |   o = C
   0   1  15  10   9   0  24   5   1   2   4  12  35   7   0 558   0   0   8   3   1   5   4   4  25   1 |   p = H
   0   0   0   7   6   0   4   2   0  13   0   1   5   0   0   4 682   0   1   8   9   0   1   8   1   0 |   q = W
   0   1   2   0  10  12   4  10   0   0  14   1   8   6   3   6   0 648   0  23   0   0   4   5   3   1 |   r = L
   0   2   2   0   5   4   8   0   1   0   0   0   4  21   2   0   0   0 730  12   1   4   7   0   0   0 |   s = P
   0   0   0   0   9   5   2   0   0   0   5   0   1   3  11   1   0   0   0 710   0   2   8   0   3   8 |   t = E
   0   0   1   2  11   0  19   6   0   2   0   0   4   2   1   4   9   0   2   3 687   7   1   3   0   0 |   u = V
   8   0   0   0   1   2   0   0   0   2   3   0   1   5   0   2   2   0   5   0  11 741   2   1   0   0 |   v = Y
   0   7   7   0  16  12   3   8   0   0   9   6   8   2   1   0   0  22   0  12   0   4 626   3   6  31 |   w = Q
   0   0   1   3   1   0   1   9   0  16   0   3   4   0   0   3   3   0   0   1   1   2   2 761   2   0 |   x = U
   0   0   2   1   2   0   5   8   0   1  12   0  24   3   0  10   0   0   0   4   0   0   0   2 665   0 |   y = K
   0   7   3   5   1  14   0   5   1   0   4   0   6   9   0   0   0   4   0   9   1   2   4   0   0 659 |   z = Z

-----------------------------------------------------------------------------
||                                  Result                                 ||
-----------------------------------------------------------------------------
|| ANN || Neurons: 21 Layers: 1 Epochs: 1600 Learning Rate: 2.5 Momentum: 2.75

Correctly Classified Instances       16456               82.28   %
Incorrectly Classified Instances      3544               17.72   %
Kappa statistic                          0.8157
Mean absolute error                      0.0151
Root mean squared error                  0.11  
Relative absolute error                 20.4324 %
Root relative squared error             57.2103 %
Total Number of Instances            20000     

Confusion Matrix
   a   b   c   d   e   f   g   h   i   j   k   l   m   n   o   p   q   r   s   t   u   v   w   x   y   z   <-- classified as
 655   0  11   1   3   7  10   0   0   2  14   3   2   7   2   7   0   1   2  19   1  19   3   7   8  12 |   a = T
   1 611  11   0   0  20  13   5  18   0  16  11   0  15   2   0   0   3  13   2   0   8   1   0   0   5 |   b = I
   0   0 690  14   1   0  25   6   0   4   8  10  19   2   0  15   0   1   4   1   0   0   0   5   0   0 |   c = D
   0   0  16 683   0   0   4   9   0   9   1  10   7   3   0  17   5   1   7   0   0   5   0   2   4   0 |   d = N
   0   2   3   2 537  15  13   6   0   1  16  10  20   8  14  16   0   7  27   6   2   2  42   3  20   1 |   e = G
   1   4   8   0   6 534  40   8   6   0  16   6   4  13   7   2   0  29   2  26   1   9   2   0   0  24 |   f = S
   0   0  28   0   5  13 608   1   1   0   7   3  36   6   0   7   0   1  11  14   0   9   0   2  13   1 |   g = B
   2   0  14   4   0   4   1 713   3   3   2   1   1   0   0   1   2   0   2   0   1  14   6   8   4   3 |   h = A
   0  12  15   4   0  17   9  11 581   0  16   2   0  15   2   3   0   0  18   5   0   3   1   2   1  30 |   i = J
   0   0   3  14   0   1   5   2   0 725   0   3   4   2   0  13   6   0   0   2   0   0   1   6   5   0 |   j = M
   1   2  11   0   2   6   5   1   0   0 703   0  10   0   2   3   0   1   1   6   0   6   2   2  18   5 |   k = X
   0   0  25   6   3   0   8  10   2   3   2 594  14   2   0  15  20   2  12   1   2   0  19  10   1   2 |   l = O
   0   0  17  10   4   3  29   5   0   5   6   3 594   0   0  13   0   4  19   7   0   3   6   1  29   0 |   m = R
  29   6  14   9   0  16  11   4   4   0  12   0   2 587   4   4   1   0  37  15   2  10   2   2   3   1 |   n = F
   0   3   0   1  20   5   1   9   0   1   3  16   1   5 570   7   1   4   0  40   0   0  11  15  23   0 |   o = C
   0   0  25   5   6   3  21   1   1   6   6  18  31   8   2 528   0   0  23   1   2   8   4   5  25   5 |   p = H
   0   0   8  14   0   0   7   3   0   9   0   6   4   0   0   8 658   0   4   3   6   2   9   5   6   0 |   q = W
   0   0   0   1  11  10  15   2   0   1  18   1  11   0   4   2   0 635   7   9   0  12   4  10   7   1 |   r = L
   0   1   1   1   4   1  14   2   0   0   3   3   6  30   6   2   1   0 716   0   1   6   3   0   2   0 |   s = P
   0   3   2   1   7  26   7   0   0   0  11   1  10   5  13   1   0   0   4 623   0   0  25   1  16  12 |   t = E
   1   0   6   6   0   0  12   5   0   2   1   0   0   2   0   9   9   0  14   5 671  13   2   6   0   0 |   u = V
  22   4   9   1   0   5   1   1   0   2   4   0   0   2   0   0   0   2  26   0  14 676   7   5   1   4 |   v = Y
   0   2   9   0  12  17  24  14   0   0   9  31   2   0   7   1   0  23   2  16   2   1 589   2   8  12 |   w = Q
   0   1   1   7   0   0   2   6   4  17   3  15   1   0   0   5  10   1   2   0   2   0   5 727   4   0 |   x = U
   1   0  11   4   2   1  18   4   0   1  21   1  26   0   0  22   0   0   0  12   1   1   2   6 604   1 |   y = K
   3   0   9   0   1  32   3   2   4   0   9   0   1   1   2   0   0   7   1  12   0   3   0   0   0 644 |   z = Z

-----------------------------------------------------------------------------
||                                  Result                                 ||
-----------------------------------------------------------------------------
|| ANN || Neurons: 26 Layers: 1 Epochs: 1600 Learning Rate: 3.25 Momentum: 2.75

Correctly Classified Instances       16727               83.635  %
Incorrectly Classified Instances      3273               16.365  %
Kappa statistic                          0.8298
Mean absolute error                      0.014 
Root mean squared error                  0.1072
Relative absolute error                 18.8612 %
Root relative squared error             55.7571 %
Total Number of Instances            20000     

Confusion Matrix
   a   b   c   d   e   f   g   h   i   j   k   l   m   n   o   p   q   r   s   t   u   v   w   x   y   z   <-- classified as
 671   2   7   0   5   3   8   0   0   1  16   1   4  10   4   7   0   0   1  13   2  12   0  10  10   9 |   a = T
   2 642  13   0   1  13   6   5   5   0  25   3   0  13   2   0   0   4   8   6   0   0   2   0   0   5 |   b = I
   2   1 683   5   0   2  16   9   4   7  10  10  19   1   0  20   0   0   5   1   0   1   0   4   3   2 |   c = D
   0   0  16 662   0   0   4   6   0  13   0  21  12  11   0   8   8   2  11   0   0   2   1   2   4   0 |   d = N
   0   3  14   0 577   4  12  12   2   4  16  10  18   2   2   5   5   2   7   5   1   3  46   6  12   5 |   e = G
   3  21   9   0   0 522  34   9   7   0  26   4   8   7   2   2   0  18   3  24   3  12   6   0   0  28 |   f = S
   0   3  18   0   1   7 633   2   0   0   6   6  35   8   0   5   1   0   2  15   0   6   3   0  14   1 |   g = B
   0   1   7   1   0   4   4 709   3   4   3   0   2   0   0   1   5   2   3   0   2  14   6   8   6   4 |   h = A
  10  25   8   4   1   6   3   6 580   0  25   2   1  15   0   6   0   0  19  14   0   2   3   0   2  15 |   i = J
   0   0   4   8   1   0   7   3   0 732   0   4   6   0   0   2  11   0   2   1   0   0   2   6   3   0 |   j = M
   3   6   6   0   1   1   3   1   3   0 717   1   4   1   0   2   0   6   0  14   0   3   0   1  10   4 |   k = X
   0   0  18   1   4   0   2  10   3   3   2 619   5   0   1   8  15   2   7   0   2   0  31  11   5   4 |   l = O
   1   0   9   3   4   2  28  14   0   5   5   2 621   1   0  14   6   1   1   2   0   1   6   3  29   0 |   m = R
  14  13   4   0   0   9  20   1   0   0  15   3  12 616   3   2   4   0  25  12   3   8   5   0   4   2 |   n = F
   0   0   0   1  25   2   0   3   0   6   9  13   2   0 577   8   1   1   0  35   0   0   6  16  31   0 |   o = C
   5   1  16   5   2   1  28   3   3   7  13  12  29   6   0 514   5   1   9   5   8  14   8   9  28   2 |   p = H
   0   0   8  12   0   0   3   1   0  11   0   6   0   0   0   3 687   0   1   1   2   0   5  10   2   0 |   q = W
   4   4   3   0  17   2   7   4   1   0  19   1   4   0   0   6   0 642   0  24   0   6   5   4   7   1 |   r = L
   3   3   5   0   5   2  10   0   0   0   0   6  11  31   0   0   0   0 708   2   2   4   9   1   1   0 |   s = P
   2   2   0   1  20   8   9   1   1   0  18   2   6   6   6   4   0   0   0 640   0   3  12   0   9  18 |   t = E
   1   0   7   5   2   0  11   2   0   2   2   7   6   3   0   1  20   0   5   0 660  18   9   2   1   0 |   u = V
  11   3   4   0   0   3   1   0   1   2   2   0   0  10   0   0   2   0  14   0   9 703  11   8   2   0 |   v = Y
   0   1   7   1  12   5  19   6   0   0  10  30   3   0   0   2   1  16   2  19   1   7 612   0   7  22 |   w = Q
   0   0   4   7   2   0   1   5   2  22   1   4   2   0   0  10  13   0   0   0   0   1   2 735   1   1 |   x = U
   0   0   2   6   0   0   8   5   0   6  29   6  19   1   2  12   4   2   0   4   7   2   2   4 618   0 |   y = K
   3   3  11   0   2  23   2   1   1   0   7   0   4   2   0   0   0   7   0   9   0   8   4   0   0 647 |   z = Z

-----------------------------------------------------------------------------
||                                  Result                                 ||
-----------------------------------------------------------------------------
|| ANN || Neurons: 35 Layers: 2 Epochs: 600 Learning Rate: 3.25 Momentum: 1.0

Correctly Classified Instances         813                4.065  %
Incorrectly Classified Instances     19187               95.935  %
Kappa statistic                          0     
Mean absolute error                      0.074 
Root mean squared error                  0.1923
Relative absolute error                100      %
Root relative squared error            100      %
Total Number of Instances            20000     

Confusion Matrix
   a   b   c   d   e   f   g   h   i   j   k   l   m   n   o   p   q   r   s   t   u   v   w   x   y   z   <-- classified as
   0   0   0   0   0   0   0   0   0   0   0   0   0   0   0   0   0   0   0   0   0   0   0 796   0   0 |   a = T
   0   0   0   0   0   0   0   0   0   0   0   0   0   0   0   0   0   0   0   0   0   0   0 755   0   0 |   b = I
   0   0   0   0   0   0   0   0   0   0   0   0   0   0   0   0   0   0   0   0   0   0   0 805   0   0 |   c = D
   0   0   0   0   0   0   0   0   0   0   0   0   0   0   0   0   0   0   0   0   0   0   0 783   0   0 |   d = N
   0   0   0   0   0   0   0   0   0   0   0   0   0   0   0   0   0   0   0   0   0   0   0 773   0   0 |   e = G
   0   0   0   0   0   0   0   0   0   0   0   0   0   0   0   0   0   0   0   0   0   0   0 748   0   0 |   f = S
   0   0   0   0   0   0   0   0   0   0   0   0   0   0   0   0   0   0   0   0   0   0   0 766   0   0 |   g = B
   0   0   0   0   0   0   0   0   0   0   0   0   0   0   0   0   0   0   0   0   0   0   0 789   0   0 |   h = A
   0   0   0   0   0   0   0   0   0   0   0   0   0   0   0   0   0   0   0   0   0   0   0 747   0   0 |   i = J
   0   0   0   0   0   0   0   0   0   0   0   0   0   0   0   0   0   0   0   0   0   0   0 792   0   0 |   j = M
   0   0   0   0   0   0   0   0   0   0   0   0   0   0   0   0   0   0   0   0   0   0   0 787   0   0 |   k = X
   0   0   0   0   0   0   0   0   0   0   0   0   0   0   0   0   0   0   0   0   0   0   0 753   0   0 |   l = O
   0   0   0   0   0   0   0   0   0   0   0   0   0   0   0   0   0   0   0   0   0   0   0 758   0   0 |   m = R
   0   0   0   0   0   0   0   0   0   0   0   0   0   0   0   0   0   0   0   0   0   0   0 775   0   0 |   n = F
   0   0   0   0   0   0   0   0   0   0   0   0   0   0   0   0   0   0   0   0   0   0   0 736   0   0 |   o = C
   0   0   0   0   0   0   0   0   0   0   0   0   0   0   0   0   0   0   0   0   0   0   0 734   0   0 |   p = H
   0   0   0   0   0   0   0   0   0   0   0   0   0   0   0   0   0   0   0   0   0   0   0 752   0   0 |   q = W
   0   0   0   0   0   0   0   0   0   0   0   0   0   0   0   0   0   0   0   0   0   0   0 761   0   0 |   r = L
   0   0   0   0   0   0   0   0   0   0   0   0   0   0   0   0   0   0   0   0   0   0   0 803   0   0 |   s = P
   0   0   0   0   0   0   0   0   0   0   0   0   0   0   0   0   0   0   0   0   0   0   0 768   0   0 |   t = E
   0   0   0   0   0   0   0   0   0   0   0   0   0   0   0   0   0   0   0   0   0   0   0 764   0   0 |   u = V
   0   0   0   0   0   0   0   0   0   0   0   0   0   0   0   0   0   0   0   0   0   0   0 786   0   0 |   v = Y
   0   0   0   0   0   0   0   0   0   0   0   0   0   0   0   0   0   0   0   0   0   0   0 783   0   0 |   w = Q
   0   0   0   0   0   0   0   0   0   0   0   0   0   0   0   0   0   0   0   0   0   0   0 813   0   0 |   x = U
   0   0   0   0   0   0   0   0   0   0   0   0   0   0   0   0   0   0   0   0   0   0   0 739   0   0 |   y = K
   0   0   0   0   0   0   0   0   0   0   0   0   0   0   0   0   0   0   0   0   0   0   0 734   0   0 |   z = Z

-----------------------------------------------------------------------------
||                                  Result                                 ||
-----------------------------------------------------------------------------
|| ANN || Neurons: 24 Layers: 2 Epochs: 1000 Learning Rate: 1.0 Momentum: 2.25

Correctly Classified Instances       16404               82.02   %
Incorrectly Classified Instances      3596               17.98   %
Kappa statistic                          0.813 
Mean absolute error                      0.0147
Root mean squared error                  0.1121
Relative absolute error                 19.8162 %
Root relative squared error             58.3186 %
Total Number of Instances            20000     

Confusion Matrix
   a   b   c   d   e   f   g   h   i   j   k   l   m   n   o   p   q   r   s   t   u   v   w   x   y   z   <-- classified as
 632   5  13   0   5   4  11   0   1   0  17   4   5  10   2  11   2   4   0   9   5  29   4   2   7  14 |   a = T
   0 622  16   1   4  19  10   0  10   0  20   3   6   9   1   0   0   5   4   7   0   7   5   0   0   6 |   b = I
   0   3 657   7   0   5  21   3   7   3   9  12  24   8   0  26   0   3   4   0   0   1   2   6   3   1 |   c = D
   0   0  17 679   2   0   2   1   1   3   1  13  15   4   0  15   9   0   0   1   2   3   2   7   5   1 |   d = N
   0   5   3   1 590   7  10   8   3   2  10  11  15   4  14  12  15   4   3  11   1   3  29   2   7   3 |   e = G
   0  12   6   1   5 488  40   9  12   0  16   9  28  13   3   2   2  14   2  27   0   5  12   2   2  38 |   f = S
   0   1  17   0   9   9 626   0   0   0   8   3  51   2   0   9   1   0   7  15   0   1   3   0   3   1 |   g = B
   0   0   8   1   6   7   3 706   1   2   3   4   4   0   2   3   5   3   1   0   0   8   2  14   5   1 |   h = A
   0  21  11   4   3  15   7   4 602   2  17   8   5  13   0   3   0   0   7   5   1   5   0   2   3   9 |   i = J
   0   0   3  16   4   0  10   3   0 713   0   3   6   1   0   2  12   0   0   3   0   2   0  11   3   0 |   j = M
   1   5  16   0   7   4   6   0   1   0 670   0   9   1   0   4   0   0   0  12   0   8   4   2  28   9 |   k = X
   0   2  15   7  12   0   4  10   3   2   2 594  19   1   6  11  22   3   5   1   0   3  24   6   1   0 |   l = O
   0   0  10   5   6   1  22   2   0   1   5   3 634   2   0  21   5   2   4   6   0   2   3   1  23   0 |   m = R
  12   3   8   4   3  10  15   1   2   0  18   0   9 611   4   8   0   0  34  16   2   7   2   0   3   3 |   n = F
   0   0   0   1  33   3   0   3   3   1   0   8   7   2 567  12   2   4   1  37   2   1  12  15  21   1 |   o = C
   0   0  30  21  17   0  22   1   2   1   4   7  44   6   1 495   3   2   8   8   5   8   8   9  28   4 |   p = H
   0   0   0   4   2   0   4   1   0  10   0   2   7   0   0   5 702   0   0   0   3   1   2   9   0   0 |   q = W
   0   0   2   3  24   4  12   2   0   1  18   1  11   0   0   2   1 629   0  19   0   4   5   5  15   3 |   r = L
   1   0  11   2  11   1   6   0   1   0   0  14  10  33   0   2   6   0 681   5   5   5   7   1   1   0 |   s = P
   0   3   1   0  29  10  13   1   0   0  16   0  11   4  12   1   0   1   0 627   1   0   6   0  15  17 |   t = E
   3   0   5   4   7   0  13   3   0   2   0   1   2   5   0   3  24   0   2   3 655  23   7   2   0   0 |   u = V
  20   2   3   1   1   2   3   1   0   0   1   3   1   4   0   1   4   0   7   0  20 701   3   4   0   4 |   v = Y
   0   3   4   0  37  16  23   8   4   0   8  27   4   0   1   6   2   3   6   7   1   4 601   7   4   7 |   w = Q
   1   0   1   8   2   0   1   3   1  11   0   8   3   1   3  13  15   1   1   1   5   0   7 723   4   0 |   x = U
   0   0   4   8   9   1   4   1   0   0  16   0  31   2   2  28   8   2   1   4   0   1   1   6 609   1 |   y = K
   0  11   8   0   2  30   4   4   8   0  14   0   8   1   2   1   0   2   3  32   0   2  12   0   0 590 |   z = Z

-----------------------------------------------------------------------------
||                                  Result                                 ||
-----------------------------------------------------------------------------
|| ANN || Neurons: 28 Layers: 2 Epochs: 1000 Learning Rate: 2.0 Momentum: 2.75

Correctly Classified Instances       17228               86.14   %
Incorrectly Classified Instances      2772               13.86   %
Kappa statistic                          0.8558
Mean absolute error                      0.0117
Root mean squared error                  0.0973
Relative absolute error                 15.8676 %
Root relative squared error             50.592  %
Total Number of Instances            20000     

Confusion Matrix
   a   b   c   d   e   f   g   h   i   j   k   l   m   n   o   p   q   r   s   t   u   v   w   x   y   z   <-- classified as
 655   4   6   1  11   7   8   0   0   2  11   0   6   4   2   7   1   1   0  18   3  18   7   6   4  14 |   a = T
   0 657   5   0   3  13   7   0  13   0  17   0   2   7   2   0   0   2   6   5   0   4   4   0   3   5 |   b = I
   0   1 699  12   1   3  17   1   2   2   8  13  10   1   0  12   1   2   6   0   0   1   1   8   3   1 |   c = D
   0   0  15 680   0   0   2   5   1   8   3  15  15   3   0  12   5   0   2   0   3   5   0   7   2   0 |   d = N
   0   6   6   1 601   8   6   5   6   1   3  11  18   2   9   7   2  13   2  13   2   4  33   5   7   2 |   e = G
   2   3   8   0   1 627  16   1   4   0  10   0   5   2   1   0   0  13   1  20   0   6   3   1   2  22 |   f = S
   0   2  17   1   3   7 683   0   1   0   5   2  21   1   0   4   0   1   1   7   0   6   3   0   1   0 |   g = B
   1   1   4   9   1   5   9 708   1   3   4   0   3   3   0   1   3   4   2   2   1   6   4   7   5   2 |   h = A
   2  20   7   1   0   4   7   3 625   0  21   5   2  10   0   5   0   6   1   7   0   6   5   0   0  10 |   i = J
   0   0   1  15   7   0   7   0   0 737   0   5   2   0   1   5   2   0   0   3   0   0   1   3   3   0 |   j = M
   2   3   6   2   2   3   2   0   0   0 729   0   3   0   0   2   0   5   0   6   2   2   2   2   7   7 |   k = X
   1   0  11   0   7   3   1   3   1   4   2 653   6   1   1   6   5   3   7   0   1   0  24  10   2   1 |   l = O
   1   0  13   8   4   0  27   4   1   0   6   4 658   1   0  14   0   1   0   3   0   0   2   1  10   0 |   m = R
  20   9   9   1   4   9  10   1   2   1   3   1   4 627   1   0   3   0  23  28   1   9   3   0   2   4 |   n = F
   1   2   1   2  34   5   1   2   2   4   4  14   1   1 574  10   0   3   0  44   0   0   2  11  17   1 |   o = C
   1   0  25   9   6   3  25   5   1   4   6  15  31   4   2 535   2   1   7   1   2   9   5   6  28   1 |   p = H
   0   0   0   7   5   0   8   1   0  11   0   6  14   1   1   2 673   0   2   2   5   0   4  10   0   0 |   q = W
   0   3   1   2  11   5   8   1   0   2  14   3  12   0   0   7   0 655   0  19   0   1   6   2   7   2 |   r = L
   1   4   7   2   5   2  11   0   2   0   0   5   3  22   0   2   2   0 713  13   1   4   0   0   3   1 |   s = P
   0   0   1   0  13   7   8   1   0   0  16   0   2   2   1   2   0   3   0 686   0   0   7   0   7  12 |   t = E
   3   1   1   6   9   0  18   1   0   2   0   4   4   1   0   2   6   1   5   2 676  14   4   3   1   0 |   u = V
  18   3   0   1   0   2   1   0   1   2   4   1   0   9   0   1   1   0   5   1  19 704   4   8   1   0 |   v = Y
   0   1   6   1  17  17  10  11   1   0   1  30   4   0   2   0   3  12   1   5   0   0 639   0   4  18 |   w = Q
   0   0   2   4   1   0   3   2   0  15   0   6   4   1   3  13   3   2   0   0   0   2   1 748   3   0 |   x = U
   0   1   2   3   6   1   8   3   0   0  22   0  22   0   0  14   1   2   0   8   1   0   0   4 640   1 |   y = K
   4   4   2   0   2  24   2   3   9   0   3   0   2   1   1   0   0   7   2  11   0   1  10   0   0 646 |   z = Z

-----------------------------------------------------------------------------
||                                  Result                                 ||
-----------------------------------------------------------------------------
|| ANN || Neurons: 31 Layers: 2 Epochs: 1600 Learning Rate: 1.0 Momentum: 1.25

Correctly Classified Instances       16737               83.685  %
Incorrectly Classified Instances      3263               16.315  %
Kappa statistic                          0.8303
Mean absolute error                      0.0131
Root mean squared error                  0.1076
Relative absolute error                 17.7154 %
Root relative squared error             55.9357 %
Total Number of Instances            20000     

Confusion Matrix
   a   b   c   d   e   f   g   h   i   j   k   l   m   n   o   p   q   r   s   t   u   v   w   x   y   z   <-- classified as
 657   3   2   0   6   7  11   0   1   0  10   5   3  14   4  14   0   0   0   9  10  20   4   2   6   8 |   a = T
   0 647   9   0   0   6   4   0  12   0  12   7   0  25   1   3   0   2   7   5   0   9   1   0   0   5 |   b = I
   1   2 659  17   1   6  19   3   0   0   4  12  13   6   1  39   2   0  11   0   0   3   0   3   3   0 |   c = D
   1   0  17 702   0   0   4   8   0   7   0   6   6   3   0  15   8   0   1   0   1   1   0   3   0   0 |   d = N
   1   2   8   1 567   5  15   7   0   5  14  17  16   6  19   6  15   4   1  24   4   7  23   0   5   1 |   e = G
   6  14   7   1   7 534  31   1   5   0  23  12   4  17   5   7   1  12   2  23   0   8   7   0   1  20 |   f = S
   3   1  21   0   5  12 635   3   0   1   7   2  26   4   2   5   5   3   8  13   0   2   3   0   5   0 |   g = B
   1   1   2   5   0   5   7 725   5   3   1   1   3   6   0   3   1   0   1   0   5   5   1   6   1   1 |   h = A
   2  28   8   3   0  10   7   4 602   0  14   5   0  11   2  12   0   3   8   2   0  10   2   3   1  10 |   i = J
   0   0   1  10   4   0  10   5   0 733   0   2   3   0   0   1  17   0   1   2   0   0   0   1   2   0 |   j = M
   3   3  12   0   2   2   5   0   2   0 676   3   4   3   0   1   0   3   2  10   2   3   9   5  33   4 |   k = X
   0   0  11   8   8   2   7   2   0   2   1 607  24   2   4  11  21   4   5   0   1   0  21   8   3   1 |   l = O
   2   0  16   8  10   0  39   4   2   3   5   8 609   2   0  19   3   3   1   2   0   2   2   6  12   0 |   m = R
  19  13   4   2   0   2  11   0   1   0   5   3   7 619   6   3   1   1  34  18   3  10   8   1   2   2 |   n = F
   0   1   0   2  20   2   1   4   0   0   4  16   2   0 591  18   4   2   1  32   1   3   2  15  15   0 |   o = C
   3   1  23  10  12   2  13   6   1   1   3  27  33   8   4 526   7   0  10   2   6   8   5   6  16   1 |   p = H
   0   0   0   9   1   0   6   2   0  12   0   5   2   3   5   2 694   0   0   0   0   0   1   4   6   0 |   q = W
   4   8   0   2  11   2  10   8   1   0  16   2   8   3   0   2   3 631   0  19   0   8   8   4   8   3 |   r = L
   0   1   6   1   6   0  10   0   1   0   0   5   5  37   0   0   2   1 705   3   1   7   8   1   3   0 |   s = P
   6   1   2   0  17  13   5   0   0   1   8   1   0   3  11   4   0   0   0 651   2   2   7   0  17  17 |   t = E
   3   0   2   5   3   0  13   5   0   2   0   1   5   2   2   4  16   0   2   2 666  20   5   4   2   0 |   u = V
  16   2   0   2   0   2   2   2   1   4   5   1   1   8   0   1   1   0   5   0  22 702   5   3   0   1 |   v = Y
   1   1  10   0  13   7  22   8   2   1   5  32   5   1   0   2   1  13   0  17   0   2 622   4   2  12 |   w = Q
   3   0   2   7   2   0   2   8   0  12   2   6   2   0   2   9   9   0   0   0   2   1   2 742   0   0 |   x = U
   1   1   4   4  10   0   7   3   0   2  16   1  26   2   8  14   3   0   0   5   1   0   3   4 624   0 |   y = K
   4   4   4   0   4  31   5   8   7   0   5   1   5   8   1   0   0   9   0  17   0   2   8   0   0 611 |   z = Z

-----------------------------------------------------------------------------
||                                  Result                                 ||
-----------------------------------------------------------------------------
|| ANN || Neurons: 30 Layers: 2 Epochs: 1800 Learning Rate: 3.25 Momentum: 2.25

Correctly Classified Instances       17277               86.385  %
Incorrectly Classified Instances      2723               13.615  %
Kappa statistic                          0.8584
Mean absolute error                      0.0114
Root mean squared error                  0.0971
Relative absolute error                 15.3863 %
Root relative squared error             50.5156 %
Total Number of Instances            20000     

Confusion Matrix
   a   b   c   d   e   f   g   h   i   j   k   l   m   n   o   p   q   r   s   t   u   v   w   x   y   z   <-- classified as
 662   1   1   2  18   5   3   0   0   0   9   2   8   7   1  17   0   0   0  15   4  20   1   3   2  15 |   a = T
   4 647   5   1   1  19   2   3  17   1  13   0   3  17   2   0   0   4   8   2   0   1   2   0   0   3 |   b = I
   1   0 706  11   0   6  13   2   0   2   4   7  16   0   0  21   0   2   2   1   0   1   0   5   3   2 |   c = D
   1   0  10 709   1   0   4   2   2   4   0   9  13   1   0   9   4   0   1   0   3   1   2   6   1   0 |   d = N
   1   5   7   1 631  13   7   7   3   1   2   7  11   3   8   4   4   5   0   9   3   5  20   3   7   6 |   e = G
   4   6   4   0   1 623  25   3   8   0   4   6   3  10   3   2   0   7   0  13   0   4   4   0   1  17 |   f = S
   1   1  15   0   5  20 669   1   0   1   1   1  20   1   0   4   2   0   0  11   0   4   2   2   2   3 |   g = B
   1   1   0   2   5  10   3 707   5   7   0   1   4   2   0   1   1   2   2   1   1   5  10   8   4   6 |   h = A
   1  16   2   4   4  20   1   2 640   0   9   7   3  13   1   3   0   1   3   1   0   0   3   2   0  11 |   i = J
   0   0   0  11   8   1  12   3   0 734   0   1   1   0   0   5   6   0   0   3   0   0   0   4   3   0 |   j = M
   6   3   6   0   2   3   5   0   1   0 712   1   1   2   1   2   0   3   0   9   0   6   2   0  19   3 |   k = X
   1   0  10   9   8   1   3   2   0   4   3 622   7   1   1  15  16   1   2   1   1   0  22  19   4   0 |   l = O
   0   0  10   7  11   3  26   4   1   1   3   0 658   0   1  11   1   1   0   1   0   0   6   0  13   0 |   m = R
  14   3   7   3   2  18  14   0   4   0   7   2   1 648   1   3   0   2  18   9   3   9   2   0   3   2 |   n = F
   0   0   0   6  30   3   0   1   0   3   1  13   3   4 597   8   1   3   0  22   1   1   7  17  15   0 |   o = C
   2   2  16   6   5   3  15   6   1   1   4  16  36   8   2 555   1   1   5   1   3   7   6   7  25   0 |   p = H
   0   0   0   9  10   0   4   1   1   8   0   0   6   0   0  10 684   0   0   0   5   0   4   6   4   0 |   q = W
   2   1   2   3  13   5  12   0   0   1  15   0  12   3   3   5   1 643   0  14   0   7   5   3   8   3 |   r = L
   1   4   8   0  11   1   4   0   0   0   2   2   5  28   0   2   0   0 714   4   2   6   6   1   2   0 |   s = P
   1   1   0   0  29   9  12   0   1   0  14   0   5   3   5   3   0   0   0 656   0   1   3   1   8  16 |   t = E
   3   0   1   4  13   0  15   0   0   2   0   0   6   4   0   2  14   0   1   2 678  10   4   3   0   2 |   u = V
  10   1   2   0   1   2   3   0   2   1   4   1   0   3   1   2   1   0   2   1  14 723   9   3   0   0 |   v = Y
   2   1   3   0   6  24  12   4   1   0   6  23   9   1   3   0   1  15   3  23   0   4 627   4   0  11 |   w = Q
   0   0   0   2   5   0   4   4   1  11   0   1   1   0   1  18   7   1   1   0   3   1   6 743   3   0 |   x = U
   1   0   3   5   7   1   4   1   1   1  16   0  31   3   3   9   2   0   0   5   1   0   3   6 636   0 |   y = K
   1   5   0   0   1  27   3   1  10   0   2   0   1   5   0   1   0   4   0  13   0   1   5   0   1 653 |   z = Z

-----------------------------------------------------------------------------
||                                  Result                                 ||
-----------------------------------------------------------------------------
|| ANN || Neurons: 40 Layers: 2 Epochs: 1200 Learning Rate: 1.0 Momentum: 1.0

Correctly Classified Instances         813                4.065  %
Incorrectly Classified Instances     19187               95.935  %
Kappa statistic                          0     
Mean absolute error                      0.074 
Root mean squared error                  0.1923
Relative absolute error                100      %
Root relative squared error            100      %
Total Number of Instances            20000     

Confusion Matrix
   a   b   c   d   e   f   g   h   i   j   k   l   m   n   o   p   q   r   s   t   u   v   w   x   y   z   <-- classified as
   0   0   0   0   0   0   0   0   0   0   0   0   0   0   0   0   0   0   0   0   0   0   0 796   0   0 |   a = T
   0   0   0   0   0   0   0   0   0   0   0   0   0   0   0   0   0   0   0   0   0   0   0 755   0   0 |   b = I
   0   0   0   0   0   0   0   0   0   0   0   0   0   0   0   0   0   0   0   0   0   0   0 805   0   0 |   c = D
   0   0   0   0   0   0   0   0   0   0   0   0   0   0   0   0   0   0   0   0   0   0   0 783   0   0 |   d = N
   0   0   0   0   0   0   0   0   0   0   0   0   0   0   0   0   0   0   0   0   0   0   0 773   0   0 |   e = G
   0   0   0   0   0   0   0   0   0   0   0   0   0   0   0   0   0   0   0   0   0   0   0 748   0   0 |   f = S
   0   0   0   0   0   0   0   0   0   0   0   0   0   0   0   0   0   0   0   0   0   0   0 766   0   0 |   g = B
   0   0   0   0   0   0   0   0   0   0   0   0   0   0   0   0   0   0   0   0   0   0   0 789   0   0 |   h = A
   0   0   0   0   0   0   0   0   0   0   0   0   0   0   0   0   0   0   0   0   0   0   0 747   0   0 |   i = J
   0   0   0   0   0   0   0   0   0   0   0   0   0   0   0   0   0   0   0   0   0   0   0 792   0   0 |   j = M
   0   0   0   0   0   0   0   0   0   0   0   0   0   0   0   0   0   0   0   0   0   0   0 787   0   0 |   k = X
   0   0   0   0   0   0   0   0   0   0   0   0   0   0   0   0   0   0   0   0   0   0   0 753   0   0 |   l = O
   0   0   0   0   0   0   0   0   0   0   0   0   0   0   0   0   0   0   0   0   0   0   0 758   0   0 |   m = R
   0   0   0   0   0   0   0   0   0   0   0   0   0   0   0   0   0   0   0   0   0   0   0 775   0   0 |   n = F
   0   0   0   0   0   0   0   0   0   0   0   0   0   0   0   0   0   0   0   0   0   0   0 736   0   0 |   o = C
   0   0   0   0   0   0   0   0   0   0   0   0   0   0   0   0   0   0   0   0   0   0   0 734   0   0 |   p = H
   0   0   0   0   0   0   0   0   0   0   0   0   0   0   0   0   0   0   0   0   0   0   0 752   0   0 |   q = W
   0   0   0   0   0   0   0   0   0   0   0   0   0   0   0   0   0   0   0   0   0   0   0 761   0   0 |   r = L
   0   0   0   0   0   0   0   0   0   0   0   0   0   0   0   0   0   0   0   0   0   0   0 803   0   0 |   s = P
   0   0   0   0   0   0   0   0   0   0   0   0   0   0   0   0   0   0   0   0   0   0   0 768   0   0 |   t = E
   0   0   0   0   0   0   0   0   0   0   0   0   0   0   0   0   0   0   0   0   0   0   0 764   0   0 |   u = V
   0   0   0   0   0   0   0   0   0   0   0   0   0   0   0   0   0   0   0   0   0   0   0 786   0   0 |   v = Y
   0   0   0   0   0   0   0   0   0   0   0   0   0   0   0   0   0   0   0   0   0   0   0 783   0   0 |   w = Q
   0   0   0   0   0   0   0   0   0   0   0   0   0   0   0   0   0   0   0   0   0   0   0 813   0   0 |   x = U
   0   0   0   0   0   0   0   0   0   0   0   0   0   0   0   0   0   0   0   0   0   0   0 739   0   0 |   y = K
   0   0   0   0   0   0   0   0   0   0   0   0   0   0   0   0   0   0   0   0   0   0   0 734   0   0 |   z = Z

-----------------------------------------------------------------------------
