||                                  Result                                 ||
-----------------------------------------------------------------------------
|| ANN || Neurons: 36 Layers: 2 Epochs: 200 Learning Rate: 1.5 Momentum: 1.0

Correctly Classified Instances         813                4.065  %
Incorrectly Classified Instances     19187               95.935  %
Kappa statistic                          0     
Mean absolute error                      0.074 
Root mean squared error                  0.1923
Relative absolute error                100      %
Root relative squared error            100      %
Total Number of Instances            20000     

Confusion Matrix
   a   b   c   d   e   f   g   h   i   j   k   l   m   n   o   p   q   r   s   t   u   v   w   x   y   z   <-- classified as
   0   0   0   0   0   0   0   0   0   0   0   0   0   0   0   0   0   0   0   0   0   0   0 796   0   0 |   a = T
   0   0   0   0   0   0   0   0   0   0   0   0   0   0   0   0   0   0   0   0   0   0   0 755   0   0 |   b = I
   0   0   0   0   0   0   0   0   0   0   0   0   0   0   0   0   0   0   0   0   0   0   0 805   0   0 |   c = D
   0   0   0   0   0   0   0   0   0   0   0   0   0   0   0   0   0   0   0   0   0   0   0 783   0   0 |   d = N
   0   0   0   0   0   0   0   0   0   0   0   0   0   0   0   0   0   0   0   0   0   0   0 773   0   0 |   e = G
   0   0   0   0   0   0   0   0   0   0   0   0   0   0   0   0   0   0   0   0   0   0   0 748   0   0 |   f = S
   0   0   0   0   0   0   0   0   0   0   0   0   0   0   0   0   0   0   0   0   0   0   0 766   0   0 |   g = B
   0   0   0   0   0   0   0   0   0   0   0   0   0   0   0   0   0   0   0   0   0   0   0 789   0   0 |   h = A
   0   0   0   0   0   0   0   0   0   0   0   0   0   0   0   0   0   0   0   0   0   0   0 747   0   0 |   i = J
   0   0   0   0   0   0   0   0   0   0   0   0   0   0   0   0   0   0   0   0   0   0   0 792   0   0 |   j = M
   0   0   0   0   0   0   0   0   0   0   0   0   0   0   0   0   0   0   0   0   0   0   0 787   0   0 |   k = X
   0   0   0   0   0   0   0   0   0   0   0   0   0   0   0   0   0   0   0   0   0   0   0 753   0   0 |   l = O
   0   0   0   0   0   0   0   0   0   0   0   0   0   0   0   0   0   0   0   0   0   0   0 758   0   0 |   m = R
   0   0   0   0   0   0   0   0   0   0   0   0   0   0   0   0   0   0   0   0   0   0   0 775   0   0 |   n = F
   0   0   0   0   0   0   0   0   0   0   0   0   0   0   0   0   0   0   0   0   0   0   0 736   0   0 |   o = C
   0   0   0   0   0   0   0   0   0   0   0   0   0   0   0   0   0   0   0   0   0   0   0 734   0   0 |   p = H
   0   0   0   0   0   0   0   0   0   0   0   0   0   0   0   0   0   0   0   0   0   0   0 752   0   0 |   q = W
   0   0   0   0   0   0   0   0   0   0   0   0   0   0   0   0   0   0   0   0   0   0   0 761   0   0 |   r = L
   0   0   0   0   0   0   0   0   0   0   0   0   0   0   0   0   0   0   0   0   0   0   0 803   0   0 |   s = P
   0   0   0   0   0   0   0   0   0   0   0   0   0   0   0   0   0   0   0   0   0   0   0 768   0   0 |   t = E
   0   0   0   0   0   0   0   0   0   0   0   0   0   0   0   0   0   0   0   0   0   0   0 764   0   0 |   u = V
   0   0   0   0   0   0   0   0   0   0   0   0   0   0   0   0   0   0   0   0   0   0   0 786   0   0 |   v = Y
   0   0   0   0   0   0   0   0   0   0   0   0   0   0   0   0   0   0   0   0   0   0   0 783   0   0 |   w = Q
   0   0   0   0   0   0   0   0   0   0   0   0   0   0   0   0   0   0   0   0   0   0   0 813   0   0 |   x = U
   0   0   0   0   0   0   0   0   0   0   0   0   0   0   0   0   0   0   0   0   0   0   0 739   0   0 |   y = K
   0   0   0   0   0   0   0   0   0   0   0   0   0   0   0   0   0   0   0   0   0   0   0 734   0   0 |   z = Z

-----------------------------------------------------------------------------
||                                  Result                                 ||
-----------------------------------------------------------------------------
|| ANN || Neurons: 39 Layers: 2 Epochs: 400 Learning Rate: 4.0 Momentum: 1.0

Correctly Classified Instances         813                4.065  %
Incorrectly Classified Instances     19187               95.935  %
Kappa statistic                          0     
Mean absolute error                      0.074 
Root mean squared error                  0.1923
Relative absolute error                100      %
Root relative squared error            100      %
Total Number of Instances            20000     

Confusion Matrix
   a   b   c   d   e   f   g   h   i   j   k   l   m   n   o   p   q   r   s   t   u   v   w   x   y   z   <-- classified as
   0   0   0   0   0   0   0   0   0   0   0   0   0   0   0   0   0   0   0   0   0   0   0 796   0   0 |   a = T
   0   0   0   0   0   0   0   0   0   0   0   0   0   0   0   0   0   0   0   0   0   0   0 755   0   0 |   b = I
   0   0   0   0   0   0   0   0   0   0   0   0   0   0   0   0   0   0   0   0   0   0   0 805   0   0 |   c = D
   0   0   0   0   0   0   0   0   0   0   0   0   0   0   0   0   0   0   0   0   0   0   0 783   0   0 |   d = N
   0   0   0   0   0   0   0   0   0   0   0   0   0   0   0   0   0   0   0   0   0   0   0 773   0   0 |   e = G
   0   0   0   0   0   0   0   0   0   0   0   0   0   0   0   0   0   0   0   0   0   0   0 748   0   0 |   f = S
   0   0   0   0   0   0   0   0   0   0   0   0   0   0   0   0   0   0   0   0   0   0   0 766   0   0 |   g = B
   0   0   0   0   0   0   0   0   0   0   0   0   0   0   0   0   0   0   0   0   0   0   0 789   0   0 |   h = A
   0   0   0   0   0   0   0   0   0   0   0   0   0   0   0   0   0   0   0   0   0   0   0 747   0   0 |   i = J
   0   0   0   0   0   0   0   0   0   0   0   0   0   0   0   0   0   0   0   0   0   0   0 792   0   0 |   j = M
   0   0   0   0   0   0   0   0   0   0   0   0   0   0   0   0   0   0   0   0   0   0   0 787   0   0 |   k = X
   0   0   0   0   0   0   0   0   0   0   0   0   0   0   0   0   0   0   0   0   0   0   0 753   0   0 |   l = O
   0   0   0   0   0   0   0   0   0   0   0   0   0   0   0   0   0   0   0   0   0   0   0 758   0   0 |   m = R
   0   0   0   0   0   0   0   0   0   0   0   0   0   0   0   0   0   0   0   0   0   0   0 775   0   0 |   n = F
   0   0   0   0   0   0   0   0   0   0   0   0   0   0   0   0   0   0   0   0   0   0   0 736   0   0 |   o = C
   0   0   0   0   0   0   0   0   0   0   0   0   0   0   0   0   0   0   0   0   0   0   0 734   0   0 |   p = H
   0   0   0   0   0   0   0   0   0   0   0   0   0   0   0   0   0   0   0   0   0   0   0 752   0   0 |   q = W
   0   0   0   0   0   0   0   0   0   0   0   0   0   0   0   0   0   0   0   0   0   0   0 761   0   0 |   r = L
   0   0   0   0   0   0   0   0   0   0   0   0   0   0   0   0   0   0   0   0   0   0   0 803   0   0 |   s = P
   0   0   0   0   0   0   0   0   0   0   0   0   0   0   0   0   0   0   0   0   0   0   0 768   0   0 |   t = E
   0   0   0   0   0   0   0   0   0   0   0   0   0   0   0   0   0   0   0   0   0   0   0 764   0   0 |   u = V
   0   0   0   0   0   0   0   0   0   0   0   0   0   0   0   0   0   0   0   0   0   0   0 786   0   0 |   v = Y
   0   0   0   0   0   0   0   0   0   0   0   0   0   0   0   0   0   0   0   0   0   0   0 783   0   0 |   w = Q
   0   0   0   0   0   0   0   0   0   0   0   0   0   0   0   0   0   0   0   0   0   0   0 813   0   0 |   x = U
   0   0   0   0   0   0   0   0   0   0   0   0   0   0   0   0   0   0   0   0   0   0   0 739   0   0 |   y = K
   0   0   0   0   0   0   0   0   0   0   0   0   0   0   0   0   0   0   0   0   0   0   0 734   0   0 |   z = Z

-----------------------------------------------------------------------------
||                                  Result                                 ||
-----------------------------------------------------------------------------
|| ANN || Neurons: 34 Layers: 2 Epochs: 800 Learning Rate: 1.75 Momentum: 2.5

Correctly Classified Instances       17526               87.63   %
Incorrectly Classified Instances      2474               12.37   %
Kappa statistic                          0.8713
Mean absolute error                      0.0105
Root mean squared error                  0.0923
Relative absolute error                 14.1891 %
Root relative squared error             47.9894 %
Total Number of Instances            20000     

Confusion Matrix
   a   b   c   d   e   f   g   h   i   j   k   l   m   n   o   p   q   r   s   t   u   v   w   x   y   z   <-- classified as
 660   0   3   1   5   6   9   1   0   0   7   1  12  12   3   8   3   3   0  23   1  10   1   2  10  15 |   a = T
   3 651   6   2   3  16  13   6  13   0  12   0   0   4   3   0   0   3   3   2   0   2   6   0   3   4 |   b = I
   0   0 719   6   0   3   8   2   4   3   2  13   7   1   0  13   0   1   5   0   0   2   0  10   6   0 |   c = D
   0   0  12 723   1   1   2   2   0   4   0  13   6   2   0   5   7   0   0   0   1   2   0   2   0   0 |   d = N
   0   7   5   3 625  10  14   6   1   1   1   9   3   3  16   1   3   4   2  11   0   5  25   4  10   4 |   e = G
   4   1   3   0   0 657  16   2   5   0   4   6   4   4   1   2   0   7   1  10   0   0   6   0   1  14 |   f = S
   0   1  10   1   3   7 689   0   0   0   3   2  15   2   0   1   4   0   1  10   0   6   1   2   6   2 |   g = B
   0   1   2   6   0   1   1 722   1   1   1   0   4   3   2   2   4   1   1   1   0   7   7   9   3   9 |   h = A
   3   8   3   5   0  13   2   7 619   1  14   9   0   5   0   3   0  13   6   8   1   1   5   3   1  17 |   i = J
   0   0   0  11   5   0   6   2   0 736   0   2   4   0   1   2  12   0   0   4   0   1   1   3   2   0 |   j = M
   3   3   2   0   2   4   3   0   0   0 741   0   2   2   0   0   0   2   0   3   0   2   1   1  13   3 |   k = X
   0   2  14   4   5   0   1   7   2   7   1 636   4   0   3   7  18   3   0   0   1   1  23   8   2   4 |   l = O
   0   0  13  12   5   0  16   1   3   0   3   6 657   1   1   5   3   0   1   4   0   0   4   3  18   2 |   m = R
  18   4   7   0   3  15  13   0   3   0   5   0   0 628   4   1   2   2  20  28   2   5   3   0   2  10 |   n = F
   2   0   0   1  31   2   0   7   0   0   1   9   3   1 611   7   0   2   1  35   0   0   7   7   9   0 |   o = C
   0   2  16  11   8   3  16   8   1   0   5   8  24   7   0 567   3   0   4   1   0   9   6   6  27   2 |   p = H
   0   0   0  12   2   0   1   7   0   8   0   4   4   0   0   1 692   0   2   1   9   1   0   2   6   0 |   q = W
   0   2   0   0  14  13   3   3   0   1  11   0  15   0   5   1   2 651   0  22   0   3   2   4   7   2 |   r = L
   0   2   2   0  11   2   8   0   2   0   0   2   1  23   1   2   0   0 721   7   0   6  12   1   0   0 |   s = P
   0   0   0   0  15   8   6   1   2   0  10   0   3   3   2   1   0   1   0 689   0   2   6   0  11   8 |   t = E
   2   0   3   2   8   1  13   2   0   2   0   2   5   0   0   1  17   0   2   3 668  22   5   5   1   0 |   u = V
  21   1   0   2   0   3   1   0   1   0   3   0   1   2   0   1   2   0   6   0  16 722   3   0   0   1 |   v = Y
   0   4  10   0  12  13  11   4   0   0   3  27   3   0   0   0   0  12   2  19   0   4 636   1   3  19 |   w = Q
   1   0   2   3   0   0   2   2   2   7   0   2   1   2   1   8   7   0   2   1   0   1   1 766   2   0 |   x = U
   0   0   2   2   2   1   3   6   0   0  16   1  19   1   3  10   3   0   0   6   0   0   1   4 659   0 |   y = K
   3   5   0   0   0  13   2   1   7   0   3   0   1   2   0   0   0   1   1   9   0   0   5   0   0 681 |   z = Z

-----------------------------------------------------------------------------
||                                  Result                                 ||
-----------------------------------------------------------------------------
|| ANN || Neurons: 34 Layers: 2 Epochs: 800 Learning Rate: 3.25 Momentum: 2.0

Correctly Classified Instances       17526               87.63   %
Incorrectly Classified Instances      2474               12.37   %
Kappa statistic                          0.8713
Mean absolute error                      0.0105
Root mean squared error                  0.0923
Relative absolute error                 14.1891 %
Root relative squared error             47.9894 %
Total Number of Instances            20000     

Confusion Matrix
   a   b   c   d   e   f   g   h   i   j   k   l   m   n   o   p   q   r   s   t   u   v   w   x   y   z   <-- classified as
 660   0   3   1   5   6   9   1   0   0   7   1  12  12   3   8   3   3   0  23   1  10   1   2  10  15 |   a = T
   3 651   6   2   3  16  13   6  13   0  12   0   0   4   3   0   0   3   3   2   0   2   6   0   3   4 |   b = I
   0   0 719   6   0   3   8   2   4   3   2  13   7   1   0  13   0   1   5   0   0   2   0  10   6   0 |   c = D
   0   0  12 723   1   1   2   2   0   4   0  13   6   2   0   5   7   0   0   0   1   2   0   2   0   0 |   d = N
   0   7   5   3 625  10  14   6   1   1   1   9   3   3  16   1   3   4   2  11   0   5  25   4  10   4 |   e = G
   4   1   3   0   0 657  16   2   5   0   4   6   4   4   1   2   0   7   1  10   0   0   6   0   1  14 |   f = S
   0   1  10   1   3   7 689   0   0   0   3   2  15   2   0   1   4   0   1  10   0   6   1   2   6   2 |   g = B
   0   1   2   6   0   1   1 722   1   1   1   0   4   3   2   2   4   1   1   1   0   7   7   9   3   9 |   h = A
   3   8   3   5   0  13   2   7 619   1  14   9   0   5   0   3   0  13   6   8   1   1   5   3   1  17 |   i = J
   0   0   0  11   5   0   6   2   0 736   0   2   4   0   1   2  12   0   0   4   0   1   1   3   2   0 |   j = M
   3   3   2   0   2   4   3   0   0   0 741   0   2   2   0   0   0   2   0   3   0   2   1   1  13   3 |   k = X
   0   2  14   4   5   0   1   7   2   7   1 636   4   0   3   7  18   3   0   0   1   1  23   8   2   4 |   l = O
   0   0  13  12   5   0  16   1   3   0   3   6 657   1   1   5   3   0   1   4   0   0   4   3  18   2 |   m = R
  18   4   7   0   3  15  13   0   3   0   5   0   0 628   4   1   2   2  20  28   2   5   3   0   2  10 |   n = F
   2   0   0   1  31   2   0   7   0   0   1   9   3   1 611   7   0   2   1  35   0   0   7   7   9   0 |   o = C
   0   2  16  11   8   3  16   8   1   0   5   8  24   7   0 567   3   0   4   1   0   9   6   6  27   2 |   p = H
   0   0   0  12   2   0   1   7   0   8   0   4   4   0   0   1 692   0   2   1   9   1   0   2   6   0 |   q = W
   0   2   0   0  14  13   3   3   0   1  11   0  15   0   5   1   2 651   0  22   0   3   2   4   7   2 |   r = L
   0   2   2   0  11   2   8   0   2   0   0   2   1  23   1   2   0   0 721   7   0   6  12   1   0   0 |   s = P
   0   0   0   0  15   8   6   1   2   0  10   0   3   3   2   1   0   1   0 689   0   2   6   0  11   8 |   t = E
   2   0   3   2   8   1  13   2   0   2   0   2   5   0   0   1  17   0   2   3 668  22   5   5   1   0 |   u = V
  21   1   0   2   0   3   1   0   1   0   3   0   1   2   0   1   2   0   6   0  16 722   3   0   0   1 |   v = Y
   0   4  10   0  12  13  11   4   0   0   3  27   3   0   0   0   0  12   2  19   0   4 636   1   3  19 |   w = Q
   1   0   2   3   0   0   2   2   2   7   0   2   1   2   1   8   7   0   2   1   0   1   1 766   2   0 |   x = U
   0   0   2   2   2   1   3   6   0   0  16   1  19   1   3  10   3   0   0   6   0   0   1   4 659   0 |   y = K
   3   5   0   0   0  13   2   1   7   0   3   0   1   2   0   0   0   1   1   9   0   0   5   0   0 681 |   z = Z

-----------------------------------------------------------------------------
||                                  Result                                 ||
-----------------------------------------------------------------------------
|| ANN || Neurons: 16 Layers: 2 Epochs: 1000 Learning Rate: 4.0 Momentum: 1.25

Correctly Classified Instances       16033               80.165  %
Incorrectly Classified Instances      3967               19.835  %
Kappa statistic                          0.7937
Mean absolute error                      0.0173
Root mean squared error                  0.1135
Relative absolute error                 23.3519 %
Root relative squared error             59.025  %
Total Number of Instances            20000     

Confusion Matrix
   a   b   c   d   e   f   g   h   i   j   k   l   m   n   o   p   q   r   s   t   u   v   w   x   y   z   <-- classified as
 644   2   6   4   5   8  16   0   0   2  10   5   9   6   0   9   1   0   0  22   2  28   4   2   2   9 |   a = T
   4 593  11   0   2  36  11   1  15   0  11   2   1  10   2   1   0   8  13   2   1   3   6   2  15   5 |   b = I
   2   0 672   7   0   4  24   4   3   6   8   9  12   6   1  22   1   0   6   0   0   0   2   6   9   1 |   c = D
   0   0  15 657   0   0   5   7   1  27   1  12   6   8   0  13  11   1   2   0   0   1   2  10   3   1 |   d = N
   0   6  11   4 559   5  12   8   2   1   6  12  20   5   9  11   3   8   2  17   1   2  45   2  15   7 |   e = G
   5   5  15   0  10 525  44   5   3   0  16   9   5  10   2   1   0  19   3  27   2   7   3   2   4  26 |   f = S
   0   1  18   0   5  34 599   1   1   0   6   2  54   2   0   7   0   3   6  15   0   1   3   2   4   2 |   g = B
   2   0  16   8   0   5   9 688   5   9   7   0   1   1   1   3   3   4   2   0   1   4   7   8   2   3 |   h = A
   9  16  20   2   0  11  12   4 584   0  10   8   1  19   1   6   0   9   3   6   0   3   2   3   1  17 |   i = J
   0   0   6  15   7   0  10   1   0 726   0   2   4   0   0   9   6   0   0   0   0   0   0   4   2   0 |   j = M
   2   3  14   0   2  12  16   3   0   0 644   1   7   4   0   4   0   0   0  18   0   7  21   3  20   6 |   k = X
   0   0  18   8  12   2   3   3   0   6   1 604  16   0   3  23  12   2   3   1   5   0  24   3   4   0 |   l = O
   0   0  25   3   3   1  44   3   0   2   2  19 578   6   2  33   0   4   2   8   0   1   5   0  16   1 |   m = R
  22   4   8   4   4  19  22   0   1   1  12   0   2 589   2   9   2   6  24  15   2  12   8   1   2   4 |   n = F
   7   3   6   1  35   6   2   5   1   8   6  21   6   9 534  10   2   1   1  24   0   2   8  14  24   0 |   o = C
   0   0  23  20   6   0  28   3   2   6   8  13  32   4   0 509   0   2   5   1   2   8   5  17  36   4 |   p = H
   0   0   7  15   4   0   1   2   0  15   0   4  11   1   0   8 657   0   1   2   2   0   7  13   2   0 |   q = W
   0   2   3   2  16   9  32   0   3   0  21   1   8   3   1   5   1 622   0  15   0   1   9   3   4   0 |   r = L
   2   3   6   3  19   0  11   1   0   0   1   5   4  46   0   2   3   1 678   3   0   5   6   0   4   0 |   s = P
   2   8   2   0  27  19  14   1   0   0  26   3   6   1  13   8   0   5   3 577   0   1  13   0  13  26 |   t = E
   2   0   4   8   7   0  19   4   0   1   0   1   2   0   0   2  10   1   5   2 663  17   9   2   5   0 |   u = V
  18   1   5   1   0   4   4   3   1   1  11   3   1   8   0   1   5   2  15   0  11 677   8   4   1   1 |   v = Y
   0   1   3   2  42  11  18  10   0   0   7  45  16   2   0   0   6  13   2  23   5   2 555   1   9  10 |   w = Q
   0   0   7  11   5   0   3   3   1  13   1   8   1   0   2  12   8   5   1   0   2   0  13 707  10   0 |   x = U
   0   0   7   9   6   1  14   2   1   2  25   0  36   0   4  34   1   2   0  14   0   1   1   8 571   0 |   y = K
   1   3   7   0   1  46   3   0   3   0  18   0   2   1   0   0   0   7   1  12   0   3   5   0   0 621 |   z = Z

-----------------------------------------------------------------------------
||                                  Result                                 ||
-----------------------------------------------------------------------------
|| ANN || Neurons: 16 Layers: 2 Epochs: 1200 Learning Rate: 1.0 Momentum: 1.75

Correctly Classified Instances       15266               76.33   %
Incorrectly Classified Instances      4734               23.67   %
Kappa statistic                          0.7538
Mean absolute error                      0.0196
Root mean squared error                  0.1274
Relative absolute error                 26.5301 %
Root relative squared error             66.2579 %
Total Number of Instances            20000     

Confusion Matrix
   a   b   c   d   e   f   g   h   i   j   k   l   m   n   o   p   q   r   s   t   u   v   w   x   y   z   <-- classified as
 609   8   1   0  18   8  22   0   1   0  19   1   0  25   2  14   4   2   1  12   7  15   6   5   4  12 |   a = T
   2 628   6   0   3  24  15   1  16   0  12   1   3   3   2   1   0   1  13   7   0   5   0   0   1  11 |   b = I
   0   1 606  12   0   3  31   3   4   3  17   9  36   5   0  23   3   2  15   3   0   4   0   2   9  14 |   c = D
   1   0  26 637   2   0   1   4   2  14   4   5  23   0   0  13  18   0  13   0   1   9   2   4   4   0 |   d = N
   0   2   7   0 531  10  28   6   3   5  14   8  27   1  25   6  12   3  16  10   3   4  34   2  12   4 |   e = G
   0  10   9   0  19 430  74   5   8   0  14   1  36  15   7   4   0  12   7  22   1   3   6   1   8  56 |   f = S
   0   2  22   3  21   5 599   1   1   0   2   1  47   3   1   9   8   0   8   7   0   8   1   0  12   5 |   g = B
   0   2   4   2   5   2   2 701   2  11   2   0   8   1   3   3   1   1   7   0   1  10   4   8   5   4 |   h = A
   1  26  11   1   1  12  19   7 587   0   6   3   5   6   2   4   1   0  13  14   0   3   5   2   3  15 |   i = J
   0   0   0   3   8   0   9   0   0 721   0   0   6   0   4   6  22   0   3   0   0   1   3   3   3   0 |   j = M
   3   4  11   1   5   7  14   1   0   0 599   2  27   6   1   3   1   4   3  16   1   7  20   2  31  18 |   k = X
   0   4  29   9  12   3  10   3   1   7   6 517  34   1   3  24  14   2  11   0   3   1  39  12   7   1 |   l = O
   0   0  20   1  18   1  51   8   3   2   6   3 586   0   0  12  12   1   8   1   0   8   3   0  14   0 |   m = R
  22   5  17   3  13   6  21   3   3   1   8   0  13 550   6   7   3   1  46  10  13   3   6   1   4  10 |   n = F
   1   4   2   1  40   5   3   3   0  10   5  11   4   3 551  11   2   0   0  24   2   1  11  11  24   7 |   o = C
   0   0  35   6  19   1  25   3   1   2  12  21  63   5   1 433   9   0   6   7   4  20   9  10  42   0 |   p = H
   0   1   7   8   8   0   7   5   0  19   0   4   1   0   0   0 664   0   9   1   3   7   7   0   1   0 |   q = W
   0   9   3   0  20   3  22   9   1   2  21   0  12   0   3   3   2 598   1  16   1   9   7   1  12   6 |   r = L
   1   5  16   1  10   1  26   2   0   0   3   8   8  47   0   0   5   0 645   0   0  10  10   0   5   0 |   s = P
   0   0   2   2  44  30  33   0   2   0  18   2   5   6  13  10   0   2   7 516   0   1  23   1  23  28 |   t = E
   5   0   5   1  13   0  11   3   0   3   0   0   3   7   2   7  26   0   7   0 636  22  10   3   0   0 |   u = V
  22   5   2   1   2   4   4   2   0   2  13   0   1  25   0   3   4   1  17   0  46 616   7   4   2   3 |   v = Y
   0   3  10   0  59  19  20  12   0   1   2  38  18   1   1   7   5   0   3  16   7   5 532   1   9  14 |   w = Q
   0   0  11  21   5   0   0   7   1  19   7  20   2   1  11  21  10   1   3   0   2   5   4 653   9   0 |   x = U
   0   0   3   5  19   1  32   2   1   4  23   2  48   1   0  17   4   1   2  19   3   5   1   7 539   0 |   y = K
   1   5   3   0   3  46  20   3   5   0  11   0  11   7   3   0   0   4   0  21   0   2   7   0   0 582 |   z = Z

-----------------------------------------------------------------------------
||                                  Result                                 ||
-----------------------------------------------------------------------------
|| ANN || Neurons: 16 Layers: 2 Epochs: 1600 Learning Rate: 4.0 Momentum: 2.75

Correctly Classified Instances       16086               80.43   %
Incorrectly Classified Instances      3914               19.57   %
Kappa statistic                          0.7965
Mean absolute error                      0.0171
Root mean squared error                  0.1135
Relative absolute error                 23.0757 %
Root relative squared error             59.0026 %
Total Number of Instances            20000     

Confusion Matrix
   a   b   c   d   e   f   g   h   i   j   k   l   m   n   o   p   q   r   s   t   u   v   w   x   y   z   <-- classified as
 631   4   6   0   6   9  16   0   1   0  13   3   7  10   0  10   6   0   0  23   8  25   5   1   4   8 |   a = T
   2 598   4   0   2  29   6   2   9   0  18   5   1  16   3   1   0   9  14   8   0   2   8   1   1  16 |   b = I
   2   0 661  11   2   4  21   3   2   6   5  10  17   7   1  26   1   0   8   0   0   1   3   3   7   4 |   c = D
   2   0  14 664   0   0   7   7   0  19   0   9   6   9   2  21  10   1   0   1   0   2   0   6   2   1 |   d = N
   0   6   9   1 570   6  11   5   3   1   4  11  25   6   7  10   9   6   1  26   2   0  33   3  11   7 |   e = G
   2   7  13   0   9 513  43   6   6   0  21   7   5   9   5   0   0  21   4  34   2   3   6   0   3  29 |   f = S
   0   0  15   0   4  22 622   3   0   0   9   1  33   5   0  11   0   1   3  21   0   2   6   1   5   2 |   g = B
   4   0   8   7   0   7   7 684   6   8   6   2   5   0   0   2   4   2   2   0   0   4  12   9   5   5 |   h = A
   5  16  15   2   0  10   4   5 581   1  11   9   2  20   1   7   0  17   8   5   0   1   3   0   1  23 |   i = J
   0   0   4  16   4   0  10   3   1 718   1   1   3   1   1  10   8   0   0   0   0   0   2   6   3   0 |   j = M
   3   3   6   0   4   9  10   2   0   0 659   1   0   5   1   1   0   5   0  18   0   3   7   4  30  16 |   k = X
   1   0  18   5  12   1   7   3   0   7   3 601  14   0   3  20  15   4   6   0   6   0  20   4   3   0 |   l = O
   0   0  20   4   7   0  47   3   0   3   4  10 577   5   1  30   1   8   1   8   0   2   7   0  20   0 |   m = R
  20   7   8   3   4  15  16   0   0   1  16   0   3 590   4   7   4   9  23  23   1   8   3   0   2   8 |   n = F
   2   2   4   3  43   5   0   6   1   5   2  15   3   9 544   9   8   0   1  31   0   2   7  10  24   0 |   o = C
   0   1  35  11   8   0  25   4   2   5  10  17  34   8   0 491   1   2   5   4   0  10   5  17  37   2 |   p = H
   0   0   5  13   6   0   1   2   0  16   0   6   8   1   0  11 669   0   2   1   5   0   2   3   1   0 |   q = W
   0   2   2   2  16   5  18   2   1   0  23   0   4   5   2   7   6 629   0  14   0   1  11   3   6   2 |   r = L
   0   1   7   3  18   1   6   0   2   0   1   7   3  40   0   2   5   3 680   2   1  10   9   0   2   0 |   s = P
   3   8   0   0  32  18   8   1   0   0  19   3   6   4   6   3   2   9   0 590   0   0  11   0  15  30 |   t = E
   4   0   4   5   5   0  19   3   0   2   0   0   2   4   0   5  12   2   6   2 664  14   6   2   3   0 |   u = V
  14   2   5   2   1   4   5   1   0   0   7   4   0  14   0   3   4   2   9   1  17 673   9   6   1   2 |   v = Y
   0   0   3   1  47   5  10   7   0   0   6  34  13   3   0   3   2  12   5  26   4   1 581   1  10   9 |   w = Q
   1   3   5  10   4   0   1   4   1  14   2  15   1   0   1  18  11   3   1   2   2   0  13 693   7   1 |   x = U
   1   0   5   5  11   2  13   4   2   1  26   4  38   0   6  19   4   4   0  15   0   0   0  11 568   0 |   y = K
   1   8   1   0   0  25  10   1   3   0  15   0   1   0   0   0   0   7   2  19   0   0   6   0   0 635 |   z = Z

-----------------------------------------------------------------------------
||                                  Result                                 ||
-----------------------------------------------------------------------------
|| ANN || Neurons: 16 Layers: 2 Epochs: 1600 Learning Rate: 3.5 Momentum: 2.25

Correctly Classified Instances       16086               80.43   %
Incorrectly Classified Instances      3914               19.57   %
Kappa statistic                          0.7965
Mean absolute error                      0.0171
Root mean squared error                  0.1135
Relative absolute error                 23.0757 %
Root relative squared error             59.0026 %
Total Number of Instances            20000     

Confusion Matrix
   a   b   c   d   e   f   g   h   i   j   k   l   m   n   o   p   q   r   s   t   u   v   w   x   y   z   <-- classified as
 631   4   6   0   6   9  16   0   1   0  13   3   7  10   0  10   6   0   0  23   8  25   5   1   4   8 |   a = T
   2 598   4   0   2  29   6   2   9   0  18   5   1  16   3   1   0   9  14   8   0   2   8   1   1  16 |   b = I
   2   0 661  11   2   4  21   3   2   6   5  10  17   7   1  26   1   0   8   0   0   1   3   3   7   4 |   c = D
   2   0  14 664   0   0   7   7   0  19   0   9   6   9   2  21  10   1   0   1   0   2   0   6   2   1 |   d = N
   0   6   9   1 570   6  11   5   3   1   4  11  25   6   7  10   9   6   1  26   2   0  33   3  11   7 |   e = G
   2   7  13   0   9 513  43   6   6   0  21   7   5   9   5   0   0  21   4  34   2   3   6   0   3  29 |   f = S
   0   0  15   0   4  22 622   3   0   0   9   1  33   5   0  11   0   1   3  21   0   2   6   1   5   2 |   g = B
   4   0   8   7   0   7   7 684   6   8   6   2   5   0   0   2   4   2   2   0   0   4  12   9   5   5 |   h = A
   5  16  15   2   0  10   4   5 581   1  11   9   2  20   1   7   0  17   8   5   0   1   3   0   1  23 |   i = J
   0   0   4  16   4   0  10   3   1 718   1   1   3   1   1  10   8   0   0   0   0   0   2   6   3   0 |   j = M
   3   3   6   0   4   9  10   2   0   0 659   1   0   5   1   1   0   5   0  18   0   3   7   4  30  16 |   k = X
   1   0  18   5  12   1   7   3   0   7   3 601  14   0   3  20  15   4   6   0   6   0  20   4   3   0 |   l = O
   0   0  20   4   7   0  47   3   0   3   4  10 577   5   1  30   1   8   1   8   0   2   7   0  20   0 |   m = R
  20   7   8   3   4  15  16   0   0   1  16   0   3 590   4   7   4   9  23  23   1   8   3   0   2   8 |   n = F
   2   2   4   3  43   5   0   6   1   5   2  15   3   9 544   9   8   0   1  31   0   2   7  10  24   0 |   o = C
   0   1  35  11   8   0  25   4   2   5  10  17  34   8   0 491   1   2   5   4   0  10   5  17  37   2 |   p = H
   0   0   5  13   6   0   1   2   0  16   0   6   8   1   0  11 669   0   2   1   5   0   2   3   1   0 |   q = W
   0   2   2   2  16   5  18   2   1   0  23   0   4   5   2   7   6 629   0  14   0   1  11   3   6   2 |   r = L
   0   1   7   3  18   1   6   0   2   0   1   7   3  40   0   2   5   3 680   2   1  10   9   0   2   0 |   s = P
   3   8   0   0  32  18   8   1   0   0  19   3   6   4   6   3   2   9   0 590   0   0  11   0  15  30 |   t = E
   4   0   4   5   5   0  19   3   0   2   0   0   2   4   0   5  12   2   6   2 664  14   6   2   3   0 |   u = V
  14   2   5   2   1   4   5   1   0   0   7   4   0  14   0   3   4   2   9   1  17 673   9   6   1   2 |   v = Y
   0   0   3   1  47   5  10   7   0   0   6  34  13   3   0   3   2  12   5  26   4   1 581   1  10   9 |   w = Q
   1   3   5  10   4   0   1   4   1  14   2  15   1   0   1  18  11   3   1   2   2   0  13 693   7   1 |   x = U
   1   0   5   5  11   2  13   4   2   1  26   4  38   0   6  19   4   4   0  15   0   0   0  11 568   0 |   y = K
   1   8   1   0   0  25  10   1   3   0  15   0   1   0   0   0   0   7   2  19   0   0   6   0   0 635 |   z = Z

-----------------------------------------------------------------------------
